0 45
    0 36
    0 38
    0 38
    0 43
    0 43
    0 45
    0 45
    0 54
    0 54
    0 60
    0 60
    0 61
    0 61
    0 64
    0 64
    0 68
    0 68
    0 75
    0 75
    0 97
    0 97
    0 109
    0 109
    0 112
    0 112
    0 123
    0 142
    0 142
    0 156
    0 156
    0 157
    0 157
    0 160
    0 161
    0 161
    0 168
    0 174
    0 193
    0 193
    0 194
    0 194
    0 219
    0 219
    0 225
    0 227
    0 227
    0 238
    0 238
    0 267
    0 267
    0 291
    0 291
    0 297
    0 297
    0 302
    0 302
    0 317
    0 317
    0 318
    0 332
    0 332
    0 341
    0 341
    0 348
    0 368
    0 368
    0 407
1 45
    1 84
    1 84
    1 103
    1 103
    1 116
    1 116
    1 174
    1 174
    1 207
    1 207
    1 221
    1 221
    1 281
    1 281
    1 293
    1 293
    1 303
    1 303
    1 364
    1 364
    1 471
    1 471
2 45
    2 92
    2 92
    2 115
    2 115
    2 160
    2 160
    2 311
    2 350
    2 350
    2 372
    2 372
    2 413
    2 413
    2 430
    2 430
    2 440
3 45
    3 32
    3 32
    3 45
    3 45
    3 47
    3 47
    3 54
    3 55
    3 89
    3 89
    3 91
    3 91
    3 104
    3 104
    3 113
    3 113
    3 128
    3 128
    3 141
    3 141
    3 148
    3 148
    3 157
    3 157
    3 166
    3 218
    3 246
    3 246
    3 251
    3 251
    3 269
    3 269
    3 276
    3 280
    3 280
    3 299
    3 342
    3 342
    3 349
    3 349
    3 398
    3 398
    3 409
    3 409
    3 416
    3 416
4 45
    4 16
    4 16
    4 17
    4 17
    4 24
    4 24
    4 29
    4 37
    4 40
    4 40
    4 41
    4 41
    4 45
    4 45
    4 47
    4 50
    4 50
    4 53
    4 53
    4 62
    4 62
    4 67
    4 73
    4 73
    4 74
    4 74
    4 85
    4 85
    4 88
    4 88
    4 100
    4 108
    4 108
    4 116
    4 116
    4 120
    4 120
    4 122
    4 122
    4 126
    4 126
    4 146
    4 146
    4 153
    4 153
    4 158
    4 158
    4 163
    4 163
    4 182
    4 182
    4 184
    4 184
    4 186
    4 186
    4 197
    4 200
    4 200
    4 209
    4 209
    4 218
    4 218
    4 221
    4 221
    4 226
    4 226
    4 228
    4 228
    4 234
    4 234
    4 251
    4 251
    4 257
    4 261
    4 263
    4 263
    4 264
    4 264
    4 285
    4 286
    4 286
    4 289
    4 289
    4 300
    4 300
    4 321
    4 321
    4 344
    4 344
    4 354
    4 354
    4 370
    4 370
    4 372
    4 372
    4 374
    4 374
    4 375
    4 375
    4 377
    4 377
    4 380
    4 380
    4 387
    4 387
    4 388
    4 388
    4 392
    4 392
    4 398
    4 398
    4 400
    4 400
    4 415
    4 415
    4 420
    4 420
    4 429
    4 429
    4 448
    4 448
    4 450
    4 456
    4 456
    4 464
    4 471
    4 477
    4 477
    4 482
    4 482
    4 485
    4 485
    4 489
    4 489
    4 493
    4 493
    4 510
    4 510
    4 511
    4 511
    4 516
    4 516
    4 517
    4 517
    4 528
    4 528
    4 531
    4 531
    4 532
    4 533
    4 535
    4 535
    4 538
    4 538
    4 539
    4 539
    4 541
    4 541
    4 553
    4 558
    4 564
    4 564
5 45
    5 5
    5 11
    5 11
    5 38
    5 50
    5 50
    5 61
    5 76
    5 76
    5 93
    5 97
    5 97
    5 114
    5 114
    5 124
    5 124
    5 128
    5 128
    5 139
    5 139
    5 141
    5 141
    5 152
    5 152
    5 159
    5 159
    5 163
    5 163
    5 170
    5 170
    5 176
    5 203
    5 211
    5 211
    5 213
    5 213
    5 215
    5 215
    5 221
    5 221
    5 283
    5 288
    5 288
    5 310
    5 310
    5 315
    5 315
    5 327
    5 331
    5 331
    5 343
    5 343
    5 345
    5 345
    5 347
    5 374
    5 374
    5 420
    5 420
    5 422
    5 422
    5 429
    5 429
    5 451
    5 451
    5 468
    5 468
    5 488
    5 488
    5 490
    5 490
    5 509
    5 509
    5 514
    5 514
6 45
    6 51
    6 51
    6 68
    6 68
    6 81
    6 99
    6 100
    6 100
    6 112
    6 112
    6 114
    6 114
    6 124
    6 124
    6 218
    6 218
    6 266
    6 266
    6 290
    6 290
    6 294
    6 294
    6 325
    6 325
    6 375
    6 415
    6 415
    6 481
    6 583
    6 583
7 45
    7 12
    7 12
    7 44
    7 44
    7 50
    7 50
    7 55
    7 55
    7 69
    7 70
    7 92
    7 92
    7 95
    7 95
    7 101
    7 101
    7 106
    7 106
    7 115
    7 115
    7 126
    7 126
    7 139
    7 139
    7 141
    7 141
    7 145
    7 156
    7 156
    7 159
    7 159
    7 164
    7 164
    7 167
    7 173
    7 173
    7 180
    7 180
    7 195
    7 195
    7 198
    7 198
    7 203
    7 203
    7 214
    7 217
    7 217
    7 226
    7 239
    7 239
    7 254
    7 254
    7 290
    7 290
    7 296
    7 310
    7 310
    7 315
    7 315
    7 323
    7 323
    7 328
    7 330
    7 330
    7 342
    7 342
    7 343
    7 343
    7 352
    7 352
    7 361
    7 361
    7 370
    7 370
    7 374
    7 374
    7 375
    7 375
    7 382
    7 382
    7 392
    7 392
    7 410
    7 410
    7 414
    7 427
    7 427
    7 435
    7 435
    7 436
    7 436
8 45
    8 360
    8 360
9 45
    9 19
    9 49
    9 49
    9 57
    9 57
    9 65
    9 65
    9 76
    9 100
    9 100
    9 114
    9 114
    9 137
    9 153
    9 185
    9 185
    9 223
    9 223
    9 224
    9 237
    9 237
    9 248
    9 248
    9 296
    9 296
    9 318
    9 318
    9 327
    9 349
    9 349
    9 380
    9 380
    9 394
    9 394
    9 442
    9 443
    9 443
    9 453
    9 453
    9 456
    9 484
    9 484
10 45
    10 4
    10 4
    10 6
    10 6
    10 28
    10 28
    10 30
    10 30
    10 32
    10 32
    10 37
    10 42
    10 42
    10 46
    10 46
    10 48
    10 48
    10 55
    10 63
    10 63
    10 65
    10 70
    10 70
    10 74
    10 74
    10 78
    10 79
    10 79
    10 98
    10 98
    10 102
    10 102
    10 110
    10 110
    10 134
    10 134
    10 140
    10 140
    10 146
    10 146
    10 148
    10 148
    10 159
    10 159
    10 163
    10 182
    10 182
    10 194
    10 195
    10 195
    10 197
    10 197
    10 198
    10 201
    10 203
    10 203
    10 220
    10 220
    10 221
    10 221
    10 225
    10 225
    10 229
    10 232
    10 232
    10 243
    10 243
    10 246
    10 246
    10 247
    10 249
    10 249
    10 256
    10 256
    10 276
    10 277
    10 277
    10 281
    10 284
    10 284
    10 295
    10 295
    10 304
    10 333
    10 333
    10 335
    10 335
    10 347
    10 347
    10 354
    10 354
    10 360
    10 365
    10 365
    10 371
    10 391
    10 391
    10 395
    10 400
    10 400
    10 402
    10 430
    10 430
    10 431
    10 431
    10 432
    10 438
    10 438
    10 440
    10 440
    10 441
    10 442
    10 442
    10 446
    10 446
    10 469
    10 469
    10 472
    10 472
    10 473
    10 473
    10 482
    10 488
    10 488
    10 496
    10 496
    10 507
11 45
    11 24
    11 27
    11 55
    11 64
    11 64
    11 84
    11 84
    11 93
    11 112
    11 112
    11 115
    11 115
    11 123
    11 123
    11 133
    11 133
    11 144
    11 144
    11 152
    11 152
    11 175
    11 175
    11 193
    11 194
    11 194
    11 234
    11 234
    11 254
    11 254
    11 255
    11 255
    11 259
    11 259
    11 287
    11 287
    11 299
    11 299
    11 315
    11 315
    11 317
    11 317
    11 335
    11 335
    11 346
    11 346
    11 348
    11 348
    11 375
    11 375
    11 401
    11 401
    11 404
    11 404
    11 409
    11 411
    11 411
    11 412
    11 412
    11 422
    11 422
    11 445
    11 445
    11 449
    11 449
    11 458
    11 458
    11 479
    11 479
    11 483
    11 483
    11 484
    11 484
    11 488
    11 488
12 45
    12 13
    12 27
    12 35
    12 35
    12 42
    12 42
    12 69
    12 69
    12 71
    12 72
    12 88
    12 88
    12 129
    12 129
    12 133
    12 133
    12 137
    12 137
    12 144
    12 144
    12 165
    12 165
    12 197
    12 233
    12 238
    12 238
    12 247
    12 247
    12 248
    12 248
    12 264
    12 270
    12 270
    12 276
    12 276
    12 288
    12 295
    12 295
    12 315
    12 315
    12 318
    12 318
    12 374
    12 374
    12 380
    12 380
    12 419
    12 419
    12 437
    12 437
13 45
    13 19
    13 19
    13 24
    13 29
    13 29
    13 30
    13 30
    13 46
    13 46
    13 66
    13 66
    13 82
    13 82
    13 94
    13 94
    13 97
    13 97
    13 104
    13 104
    13 112
    13 112
    13 117
    13 117
    13 118
    13 118
    13 130
    13 130
    13 141
    13 141
    13 148
    13 148
    13 150
    13 150
    13 154
    13 154
    13 161
    13 161
    13 164
    13 164
    13 168
    13 168
    13 169
    13 175
    13 175
    13 189
    13 207
    13 207
    13 215
    13 218
    13 218
    13 235
    13 235
    13 265
    13 265
    13 267
    13 267
    13 270
    13 270
    13 274
    13 274
    13 275
    13 285
    13 285
    13 298
    13 298
    13 300
    13 300
    13 311
    13 311
    13 329
    13 329
    13 342
    13 342
    13 344
    13 344
    13 346
    13 346
    13 353
    13 353
    13 392
    13 392
    13 393
    13 393
    13 401
    13 401
    13 412
    13 412
    13 428
    13 434
    13 434
    13 436
    13 436
    13 438
    13 453
    13 453
    13 472
    13 472
    13 473
    13 473
    13 475
    13 485
    13 485
    13 493
    13 493
    13 499
    13 499
    13 525
    13 525
    13 528
    13 528
14 45
    14 80
    14 80
    14 93
    14 138
    14 138
    14 171
    14 171
    14 279
    14 279
    14 369
    14 369
    14 374
    14 374
    14 427
    14 436
    14 444
    14 444
15 45
