[  1.     109.38    81.6502  59.4346  56.8538  64.8191   1.      54.2757
  57.5752   1.      51.9051  62.1305  55.8585  40.4095  46.0601  38.9211
   1.      54.4152  28.2578  49.6929]
[-1.00000e+00  1.07903e+11  6.41241e+10  3.14421e+10  3.10598e+10
  3.30107e+10 -1.00000e+00  1.98172e+10  2.03953e+10 -1.00000e+00
  1.88907e+10  1.98293e+10  1.43291e+10  4.92379e+09  7.87653e+09
  8.41109e+09 -1.00000e+00  5.71535e+09  2.84801e+09  6.63864e+09]
[ 1.     91.4509 99.5853 79.5831  1.     89.3564 81.899   1.     78.6305
  1.     71.1259  1.     51.8579 46.7836  1.      1.     42.9112 56.9065
 35.0925 48.1516]
[-1.00000e+00  1.39635e+11  2.79360e+11  2.10658e+11 -1.00000e+00
  1.26203e+11  1.04656e+11 -1.00000e+00  6.41080e+10 -1.00000e+00
  3.21535e+10 -1.00000e+00  1.82297e+10  2.14217e+10 -1.00000e+00
 -1.00000e+00  1.25888e+10  1.18126e+10  1.10915e+10  8.52590e+09]
[  1.     149.93     1.      88.3651   1.       1.      70.6103   1.
  51.2415   1.      43.9072  48.9716  44.4588  41.696   47.0697   1.
   1.       1.      38.736    1.    ]
[-1.00000e+00  6.92944e+11 -1.00000e+00  1.20698e+11 -1.00000e+00
 -1.00000e+00  2.70855e+10 -1.00000e+00  1.63420e+10 -1.00000e+00
  1.30541e+10  1.18799e+10  8.93759e+09  8.57021e+09  1.13485e+10
 -1.00000e+00 -1.00000e+00 -1.00000e+00  6.93633e+09 -1.00000e+00]
[  1.     129.244   68.5948  66.9466   1.      68.4034  57.5675  60.6138
  56.9304   1.      42.7582  41.8436  56.4859  53.5871  48.4986   1.
   1.       1.       1.       1.    ]
[-1.00000e+00  3.81474e+11  7.25356e+10  6.25535e+10 -1.00000e+00
  3.26578e+10  1.77277e+10  1.47263e+10  1.34968e+10 -1.00000e+00
  8.90496e+09  1.42948e+10  8.13032e+09  1.03616e+10  6.08918e+09
 -1.00000e+00 -1.00000e+00 -1.00000e+00 -1.00000e+00 -1.00000e+00]
[  1.     113.071   56.2483  18.8063  40.1915  46.2614  39.2675  38.7872
  57.2619  37.4022  45.5626   1.       1.      31.3023  43.2438  37.7052
  51.0619  32.2635  31.7765   1.    ]
[-1.00000e+00  1.68498e+11  2.69239e+10  5.47043e+08  1.75573e+10
  1.37575e+10  6.37599e+09  9.35935e+09  5.78706e+09  8.80385e+09
  8.82439e+09 -1.00000e+00 -1.00000e+00  8.25399e+09  9.37063e+09
  7.51399e+09  6.72887e+09  1.39983e+09  5.05874e+09 -1.00000e+00]
[  1.     123.836   71.396   15.6184   1.       1.      45.8337   1.
  51.5539  30.0992  37.5384  47.157   48.2625  47.811    1.      53.0375
  40.5181  41.2174  18.3688  40.4212]
[-1.00000e+00  1.74947e+11  1.83018e+10  7.61349e+08 -1.00000e+00
 -1.00000e+00  1.73096e+10 -1.00000e+00  1.98523e+10  2.46049e+09
  1.36511e+10  9.38956e+09  1.33151e+10  1.34843e+10 -1.00000e+00
  1.07568e+10  9.94990e+09  8.99519e+09  1.06790e+09  2.13701e+09]
[  1.     125.075    1.     101.195   83.3849  70.6275   1.       1.
  67.4601   1.      38.3724  54.7624   1.      45.9803  45.8623  49.7365
   1.      32.0794   1.       1.    ]
[-1.00000e+00  5.21177e+11 -1.00000e+00  1.40344e+11  7.68112e+10
  5.65960e+10 -1.00000e+00 -1.00000e+00  3.88199e+10 -1.00000e+00
  8.13515e+09  1.58139e+10 -1.00000e+00  1.37607e+10  1.46473e+10
  8.54886e+09 -1.00000e+00  1.19274e+10 -1.00000e+00 -1.00000e+00]
[  1.     115.077   86.7119   1.      66.1405  25.6799  71.0068  55.3351
  23.1405  62.8335   1.      46.5398  48.7426  43.7698   1.       1.
  38.409    1.       1.       1.    ]
[-1.00000e+00  2.82601e+11  1.63602e+11 -1.00000e+00  1.71851e+10
  1.00023e+09  3.01377e+10  3.19879e+10  7.87533e+08  2.11417e+10
 -1.00000e+00  1.14867e+10  1.02524e+10  8.15852e+09 -1.00000e+00
 -1.00000e+00  5.69199e+09 -1.00000e+00 -1.00000e+00 -1.00000e+00]
[  1.     103.832   91.8129  89.1992  90.7241  71.3366  67.3505  53.5272
   1.       1.      37.5925   1.      37.6932   1.      28.9466   1.
   1.       1.      33.3595   1.    ]
[-1.00000e+00  2.11810e+11  1.26205e+11  1.00225e+11  1.00832e+11
  5.17165e+10  4.54034e+10  1.59198e+10 -1.00000e+00 -1.00000e+00
  8.27131e+09 -1.00000e+00  6.42514e+09 -1.00000e+00  3.56787e+09
 -1.00000e+00 -1.00000e+00 -1.00000e+00  2.67721e+09 -1.00000e+00]
[  1.     116.171   87.7855  69.5452   1.      28.8048   1.       1.
   1.       1.      48.9918  51.4626   1.      46.6816   1.      53.9621
   1.       1.      31.3736  25.1591]
[-1.00000e+00  9.07806e+10  1.72065e+11  1.45353e+10 -1.00000e+00
  1.42682e+09 -1.00000e+00 -1.00000e+00 -1.00000e+00 -1.00000e+00
  1.94921e+10  1.57225e+10 -1.00000e+00  1.18259e+10 -1.00000e+00
  1.27540e+10 -1.00000e+00 -1.00000e+00  5.51797e+09  2.42625e+09]
[  1.     115.902   94.6727  63.6076  60.1219  58.8728  33.0921  69.3063
  54.9735  47.3497  55.7447  49.8736  53.6972  44.1058  50.5724  16.6008
  37.4     42.5157  39.6267  34.6881]
[-1.00000e+00  1.23225e+11  3.89508e+10  2.88463e+10  1.47283e+10
  2.11385e+10  1.99602e+09  1.64379e+10  1.63045e+10  1.70510e+10
  1.85874e+10  1.12414e+10  1.06448e+10  9.08623e+09  9.37949e+09
  4.54392e+08  8.80224e+09  7.35850e+09  6.77399e+09  4.70022e+09]
[ 1.     78.5456 69.4709 69.8097 56.6997 70.6356 70.4914 58.6671 65.7624
 48.875   1.     68.5428 46.3214 43.2005 44.4407 43.663   1.      1.
  1.     39.9749]
[-1.00000e+00  4.99735e+10  4.89954e+10  4.09348e+10  2.15627e+10
  4.13082e+10  3.24955e+10  2.71540e+10  2.34810e+10  1.65197e+10
 -1.00000e+00  1.52427e+10  1.16378e+10  1.13397e+10  1.19745e+10
  1.11753e+10 -1.00000e+00 -1.00000e+00 -1.00000e+00  6.23379e+09]
[  1.     112.569   96.5294   1.       1.      73.094   57.3662  64.0946
  35.7486   1.       1.      38.5574  39.5642  44.4149  45.9028  46.7203
  45.1913  46.441   38.5707   1.    ]
[-1.00000e+00  3.45720e+11  1.38969e+11 -1.00000e+00 -1.00000e+00
  3.42683e+10  3.45100e+10  2.48163e+10  4.80616e+09 -1.00000e+00
 -1.00000e+00  3.58438e+09  1.15693e+10  6.40218e+09  7.66142e+09
  5.78343e+09  5.97034e+09  8.07513e+09  3.08286e+09 -1.00000e+00]
[  1.     129.922    1.      67.3566  62.1944  58.4119  66.4568  54.1869
   1.      46.5707  42.6733  40.3363  51.5451  45.5481  40.2452  29.8401
   1.      32.5938  31.5885  48.8432]
[-1.00000e+00  1.42961e+11 -1.00000e+00  8.07819e+10  4.49703e+10
  4.65180e+10  5.26781e+10  1.83541e+10 -1.00000e+00  1.81128e+10
  1.34255e+10  1.22569e+10  1.10722e+10  9.93338e+09  8.39498e+09
  7.45961e+09 -1.00000e+00  6.38888e+09  5.51515e+09  4.62932e+09]
[  1.     118.466   98.1614  81.4734  63.5793  62.6849  78.3859  60.5114
  52.5944  46.1256  56.157    1.      38.0038  53.5666  44.2123  45.7109
  43.6513   1.       1.      44.7716]
[-1.00000e+00  3.60427e+11  2.77108e+11  1.08347e+11  5.88587e+10
  4.64338e+10  3.66648e+10  4.39641e+10  2.18447e+10  1.98998e+10
  1.85088e+10 -1.00000e+00  7.76334e+09  1.00772e+10  9.10396e+09
  1.41816e+10  1.28044e+10 -1.00000e+00 -1.00000e+00  1.22259e+10]
[  1.     122.486    1.      63.1857  72.7981  80.549   69.0514  43.5349
  44.0584  48.3195  38.0471  40.6239  51.5763  51.8637  41.6311   1.
  38.4751  51.9617  34.4596  32.743 ]
[-1.00000e+00  2.03500e+11 -1.00000e+00  2.99403e+10  2.81747e+10
  2.30225e+10  2.80136e+10  1.58514e+10  1.42151e+10  1.46828e+10
  1.15113e+10  8.34019e+09  8.77323e+09  6.41305e+09  6.97500e+09
 -1.00000e+00  6.71074e+09  7.29646e+09  5.97598e+09  4.94192e+09]
[  1.      99.6371  76.7281 100.155    1.      93.7953  68.3845   1.
  60.064   69.1206  57.1479  65.6101  38.07    56.7093  44.4802  35.4263
  13.2306  47.7644   1.      35.8515]
[-1.00000e+00  5.70871e+10  8.10184e+10  1.40777e+11 -1.00000e+00
  6.28991e+10  5.75370e+10 -1.00000e+00  2.63866e+10  2.58661e+10
  2.33718e+10  1.82663e+10  1.24394e+10  1.24454e+10  1.05098e+10
  1.18496e+10  1.96581e+08  6.23621e+09 -1.00000e+00  5.91274e+09]
[  1.     105.68    84.7565  54.7942  39.6011  63.3652  48.0671  52.6344
  38.9887  26.2561  53.3003  44.523   41.9666   1.      42.0868   1.
   1.      42.2964  38.2138  35.832 ]
[-1.00000e+00  3.02006e+11  6.04052e+10  1.13240e+10  3.30039e+09
  1.50252e+10  2.00589e+10  1.78619e+10  1.36277e+10  1.28704e+09
  1.06794e+10  1.00144e+10  8.78814e+09 -1.00000e+00  6.30348e+09
 -1.00000e+00 -1.00000e+00  7.42577e+09  6.82354e+09  4.23616e+09]
[  1.     115.729   86.8598  77.8848  76.5739  67.2509  47.7157   1.
  60.3475  39.5906  53.5128  49.468   54.4584  46.6055  50.8114   1.
  45.2163  35.4486   1.      50.6557]
[-1.00000e+00  1.52845e+11  8.19276e+10  9.41591e+10  7.82940e+10
  2.52305e+10  2.53674e+10 -1.00000e+00  2.21524e+10  5.19530e+09
  1.36060e+10  1.27689e+10  1.60963e+10  1.04478e+10  1.04156e+10
 -1.00000e+00  9.56681e+09  2.40006e+09 -1.00000e+00  8.52147e+09]
[  1.     106.516   76.092   59.8966  64.4067  62.1604  48.1144  47.0313
  65.1427  58.8715   1.      56.2252   1.      48.9853  44.1387  45.3249
   1.      42.1988  35.3229  37.5481]
[-1.00000e+00  2.74737e+11  7.43246e+10  5.18966e+10  3.68279e+10
  2.78440e+10  1.27661e+10  2.21190e+10  2.38862e+10  3.50933e+10
 -1.00000e+00  9.15592e+09 -1.00000e+00  9.10637e+09  9.22803e+09
  1.85543e+10 -1.00000e+00  9.78474e+09  4.87424e+09  6.45696e+09]
[  1.     114.298  108.826   74.2068  83.1856   1.      57.3848  52.5761
   1.       1.      43.1516  43.2818   1.       1.       1.       1.
  37.8087   1.      45.2449   1.    ]
[-1.00000e+00  4.03014e+11  3.14596e+11  4.58417e+10  8.23771e+10
 -1.00000e+00  2.54742e+10  2.16928e+10 -1.00000e+00 -1.00000e+00
  1.29002e+10  8.25520e+09 -1.00000e+00 -1.00000e+00 -1.00000e+00
 -1.00000e+00  7.88620e+09 -1.00000e+00  8.19437e+09 -1.00000e+00]
[ 1.     82.3911 66.4676 84.5446 64.7177 71.412  39.2368 47.0275 48.3823
 40.4047  1.     36.7473 46.8111  1.     38.7609  1.     35.5539 38.779
 42.4292 33.3654]
[-1.00000e+00  5.89791e+10  4.20587e+10  2.32191e+10  2.61191e+10
  2.55354e+10  1.73015e+09  3.09293e+09  1.74276e+10  1.53373e+10
 -1.00000e+00  8.72530e+08  8.50173e+09 -1.00000e+00  5.82331e+09
 -1.00000e+00  7.06121e+09  6.13873e+09  4.63859e+09  2.70903e+09]
[ 1.     92.262  76.9212 69.2378 92.4592 82.2405 62.4906 70.0791 67.9978
  1.      1.     46.8575 52.425  40.0446  1.      1.      1.     41.0779
 44.2048  1.    ]
[-1.00000e+00  1.45051e+11  6.81383e+10  1.73930e+11  1.42952e+11
  1.39299e+11  4.79186e+10  5.49158e+10  3.44802e+10 -1.00000e+00
 -1.00000e+00  2.46911e+10  2.24473e+10  1.37969e+10 -1.00000e+00
 -1.00000e+00 -1.00000e+00  1.03777e+10  1.19036e+10 -1.00000e+00]
[  1.     123.449   95.4514   1.      34.7155  76.009    1.      65.3218
  63.4862  72.4245   1.       1.      48.9038   1.       1.       1.
   1.       1.       1.       1.    ]
[-1.00000e+00  3.19743e+11  2.57323e+11 -1.00000e+00  1.34401e+11
  1.12418e+11 -1.00000e+00  6.04809e+10  4.30504e+10  4.67545e+10
 -1.00000e+00 -1.00000e+00  2.66915e+10 -1.00000e+00 -1.00000e+00
 -1.00000e+00 -1.00000e+00 -1.00000e+00 -1.00000e+00 -1.00000e+00]
[  1.     122.17    88.5907  74.5518   1.       1.      59.6422  66.6926
  51.2172  48.9136  51.3527   1.      33.8142  41.2616  43.8654   1.
  37.6646   1.      45.9624  36.756 ]
[-1.00000e+00  3.99815e+11  1.92654e+11  8.32613e+10 -1.00000e+00
 -1.00000e+00  4.27399e+10  2.18950e+10  2.55269e+10  2.55821e+10
  1.87417e+10 -1.00000e+00  4.16889e+09  8.95451e+09  1.03080e+10
 -1.00000e+00  6.59312e+09 -1.00000e+00  1.10706e+10  5.35724e+09]
[  1.     103.249   96.6219  86.0368  76.7424  71.0839  61.539   71.7501
  58.0627   1.      51.572   54.7028  40.1734   1.      39.8113  42.3595
   1.      43.3747   1.      35.3514]
[-1.00000e+00  1.74576e+11  1.50532e+11  1.03891e+11  6.20499e+10
  4.82872e+10  2.57787e+10  2.44316e+10  1.07278e+10 -1.00000e+00
  1.57893e+10  1.79151e+10  1.07121e+10 -1.00000e+00  9.19741e+09
  8.63668e+09 -1.00000e+00  7.71017e+09 -1.00000e+00  6.81266e+09]
[  1.     116.414   81.5364  67.9994  70.3906  55.2081   1.      63.4834
   1.      52.306   42.3565  56.7617   1.       1.      57.0665   1.
  35.9908  50.8282  48.6423  35.0759]
[-1.00000e+00  3.58534e+11  8.52449e+10  1.56471e+10  2.17794e+10
  1.76617e+10 -1.00000e+00  1.20188e+10 -1.00000e+00  1.14110e+10
  1.26017e+10  1.26944e+10 -1.00000e+00 -1.00000e+00  3.41721e+09
 -1.00000e+00  5.49541e+09  4.21521e+09  7.36937e+09  7.81007e+09]
[ 1.     95.3423 87.3196 89.7328 50.4955 64.6457 48.0232 46.5807 54.6851
 37.1052 43.4012 61.2038  1.     28.6287 36.8216 38.2346  1.     37.1186
  1.     51.5493]
[-1.00000e+00  1.53543e+11  1.51617e+10  1.35290e+10  2.13375e+10
  2.21657e+10  5.96108e+09  1.66022e+10  1.40265e+10  4.65309e+09
  1.14911e+10  1.24575e+10 -1.00000e+00  7.69002e+08  6.97984e+09
  6.56291e+09 -1.00000e+00  5.52159e+09 -1.00000e+00  5.56630e+09]
[  1.     124.708  107.07    95.3116  57.3088  61.6396  47.2755  50.0965
   1.       1.       1.      41.0385  28.3249   1.      38.0749  40.8768
  44.2838   1.       1.       1.    ]
[-1.00000e+00  3.96857e+11  3.11556e+11  1.23547e+11  3.58893e+10
  2.61856e+10  1.50711e+10  9.19379e+09 -1.00000e+00 -1.00000e+00
 -1.00000e+00  8.69670e+09  2.02664e+09 -1.00000e+00  8.43929e+09
  7.63967e+09  6.73129e+09 -1.00000e+00 -1.00000e+00 -1.00000e+00]
[ 1.     95.9632 93.6661 83.3128 55.9791 70.8513 65.6493  1.     51.1473
  1.      1.     54.8085  1.      1.     34.4765 42.3997 25.6061 40.8921
 31.8128  1.    ]
[-1.00000e+00  1.64414e+11  1.56931e+11  1.79378e+11  4.41687e+10
  7.28470e+10  5.08202e+10 -1.00000e+00  2.03490e+10 -1.00000e+00
 -1.00000e+00  1.27125e+10 -1.00000e+00 -1.00000e+00  7.13936e+09
  9.85483e+09  2.65022e+09  9.73721e+09  3.98197e+09 -1.00000e+00]
[  1.     111.438  102.981   91.3123  66.3327   1.      49.4466  65.5335
  52.3906  46.571    1.       1.       1.      40.4757   1.       1.
   1.      31.9564  34.8898  40.2765]
[-1.00000e+00  3.69986e+11  2.40954e+11  1.30260e+11  5.13806e+10
 -1.00000e+00  2.55862e+10  2.82029e+10  1.88831e+10  1.51400e+10
 -1.00000e+00 -1.00000e+00 -1.00000e+00  1.00192e+10 -1.00000e+00
 -1.00000e+00 -1.00000e+00  6.55122e+09  6.80863e+09  5.89582e+09]
[  1.     120.236   71.4811  39.4338  86.5836  59.6042  75.1041  55.7889
  53.7305  60.0201  65.9075  58.1802  26.6701  37.8072   1.       1.
  42.0671   1.      43.5592   1.    ]
[-1.00000e+00  2.10439e+11  1.02677e+11  6.52504e+09  6.24109e+10
  5.67338e+10  5.52594e+10  3.92977e+10  1.09856e+10  3.35102e+10
  3.02135e+10  3.11484e+10  1.64959e+09  3.23674e+09 -1.00000e+00
 -1.00000e+00  9.81777e+09 -1.00000e+00  8.10615e+09 -1.00000e+00]
[  1.     123.292   70.6368   1.      69.8789  81.2022  44.907   51.3907
  55.6632  59.0485   1.      47.9578  33.7527  43.7837  50.3369  53.8641
  39.3375  48.2854   1.      39.3845]
[-1.00000e+00  1.40745e+11  4.51149e+10 -1.00000e+00  2.77735e+10
  2.17846e+10  2.40824e+10  2.23204e+10  2.07917e+10  1.55287e+10
 -1.00000e+00  1.24152e+10  6.06179e+09  1.00232e+10  9.16358e+09
  9.43267e+09  5.79028e+09  8.26567e+09 -1.00000e+00  7.31298e+09]
[  1.     132.378   65.4046  77.5488   1.      68.6184  50.0159  68.1944
  49.1581  47.4734   1.      35.3782   1.      45.0163  26.6935  40.6789
  36.7148  33.9693  46.37     1.    ]
[-1.00000e+00  3.45363e+11  4.87312e+10  2.97035e+10 -1.00000e+00
  2.28888e+10  1.44431e+10  3.97714e+09  1.49764e+10  1.14645e+10
 -1.00000e+00  5.71535e+09 -1.00000e+00  5.45392e+09  1.02480e+09
  8.39659e+09  4.25187e+09  3.99285e+09  4.23898e+09 -1.00000e+00]
[  1.     111.752    1.      55.0832  64.6315  57.2132  63.8557  57.2454
  48.1219  59.2707  62.4537  55.6769  50.4422  41.4774   1.      43.5949
   1.      51.9156  38.5587   1.    ]
[-1.00000e+00  2.90566e+11 -1.00000e+00  3.41084e+10  1.16007e+10
  2.40308e+10  2.84253e+10  2.62222e+10  1.94579e+10  1.42674e+10
  1.23939e+10  1.87384e+10  1.72548e+10  1.55738e+10 -1.00000e+00
  1.41945e+10 -1.00000e+00  1.44612e+10  4.12901e+09 -1.00000e+00]
[  1.      82.9007 102.602   92.807   87.6936  80.5835  65.058    1.
  51.2334   1.      30.3185  38.4923  43.5797   1.      44.953   35.7504
   1.      42.1487   1.       1.    ]
[-1.00000e+00  1.07459e+11  1.69031e+11  1.05487e+11  9.85201e+10
  7.30480e+10  7.31712e+10 -1.00000e+00  3.24866e+10 -1.00000e+00
  1.61414e+09  1.57023e+10  1.69390e+10 -1.00000e+00  9.65181e+09
  8.37121e+09 -1.00000e+00  5.87487e+09 -1.00000e+00 -1.00000e+00]
[  1.     106.425   90.3432  87.2212  82.3708   1.      52.1213   1.
   1.      40.4562  54.0413   1.      48.2673  46.9699  37.1043  50.1103
  44.7109  33.5621   1.       1.    ]
[-1.00000e+00  2.26690e+11  1.30021e+11  1.24169e+11  7.70175e+10
 -1.00000e+00  2.31075e+10 -1.00000e+00 -1.00000e+00  1.79743e+10
  1.95622e+10 -1.00000e+00  1.46018e+10  1.30074e+10  1.25478e+10
  1.09227e+10  9.49309e+09  7.53010e+09 -1.00000e+00 -1.00000e+00]
