# 1e5
0 3 0 0.99979573 1
0 3 1 0.99948364 1
0 3 2 0.9982017 1
0 3 3 0.9950392 1
0 3 4 0.9794202 1
0 4 0 0.99990755 1
0 4 1 0.9999012 1
0 4 2 0.9992477 1
0 4 3 0.99681 1
0 4 4 0.989999 1
0 5 0 0.6076102 1
0 5 1 0.42264852 1
0 5 2 0.3047475 0
0 5 3 0.23906855 0
0 5 4 0.17732893 0
0 6 0 0.99692 1
0 6 1 0.9921602 1
0 6 2 0.9734618 1
0 6 3 0.9293183 1
0 6 4 0.76125985 1
0 7 0 0.75091094 1
0 7 1 0.62831557 1
0 7 2 0.55224466 0
0 7 3 0.44564432 0
0 7 4 0.44456586 0
0 8 0 0.61836296 0
0 8 1 0.60378927 0
0 8 2 0.5854953 0
0 8 3 0.569068 0
0 8 4 0.5066141 0
0 9 0 0.9975682 1
0 9 1 0.99369484 1
0 9 2 0.9785556 1
0 9 3 0.9423017 1
0 9 4 0.7999413 1
0 10 0 0.6388152 0
0 10 1 0.6011525 0
0 10 2 0.5597668 0
0 10 3 0.51284087 0
0 10 4 0.4585843 0
0 11 0 0.9983217 1
0 11 1 0.99605477 1
0 11 2 0.98657924 1
0 11 3 0.9647189 1
0 11 4 0.86740553 1
0 12 0 0.9850497 1
0 12 1 0.98388416 1
0 12 2 0.9522526 1
0 12 3 0.87943894 1
0 12 4 0.70488054 0
0 13 0 0.99962556 1
0 13 1 0.998963 1
0 13 2 0.9967002 1
0 13 3 0.99193466 1
0 13 4 0.9674315 1
0 14 0 0.9632839 1
0 14 1 0.92536914 1
0 14 2 0.8076285 1
0 14 3 0.7058085 0
0 14 4 0.6210862 0
0 15 0 0.9068659 0
0 15 1 0.88246304 0
0 15 2 0.932502 0
0 15 3 0.8661054 0
0 15 4 0.9983576 0
0 16 0 0.8078999 0
0 16 1 0.7804735 0
0 16 2 0.7751929 0
0 16 3 0.7891753 0
0 16 4 0.69683987 0
0 17 0 0.97121924 1
0 17 1 0.9497945 1
0 17 2 0.882512 1
0 17 3 0.8119806 0
0 17 4 0.76074296 0
0 18 0 0.9975035 1
0 18 1 0.99313694 1
0 18 2 0.9779985 1
0 18 3 0.9436013 1
0 18 4 0.8079401 1
0 25 0 0.998324 1
0 25 1 0.9963922 1
0 25 2 0.99194425 1
0 25 3 0.98049074 1
0 25 4 0.9349412 1
0 37 0 0.9978495 1
0 37 1 0.994847 1
0 37 2 0.9827739 1
0 37 3 0.95622927 1
0 37 4 0.85412335 1
0 42 0 0.9963053 1
0 42 1 0.9954758 1
0 42 2 0.99112225 1
0 42 3 0.9838648 1
0 42 4 0.93821275 1
0 61 0 0.9382106 0
0 61 1 0.93567395 0
0 61 2 0.92761904 0
0 61 3 0.921455 0
0 61 4 0.8581059 0
1 2 0 0.99375486 1
1 2 1 0.9837463 1
1 2 2 0.9449961 1
1 2 3 0.8547168 1
1 2 4 0.57413983 1
1 3 0 0.8370359 1
1 3 1 0.6976685 1
1 3 2 0.46691954 1
1 3 3 0.26294205 1
1 3 4 0.44626272 0
1 4 0 0.99743503 1
1 4 1 0.99446243 1
1 4 2 0.98219466 1
1 4 3 0.9537727 1
1 4 4 0.8367414 1
1 5 0 0.9320288 1
1 5 1 0.84904337 1
1 5 2 0.6463673 1
1 5 3 0.39038473 1
1 5 4 0.28787726 0
1 6 0 0.9703241 1
1 6 1 0.93543005 1
1 6 2 0.81141657 1
1 6 3 0.6011837 1
1 6 4 0.42882177 0
1 7 0 0.998751 1
1 7 1 0.9972422 1
1 7 2 0.9908547 1
1 7 3 0.9750726 1
1 7 4 0.9053096 1
1 8 0 0.999475 1
1 8 1 0.9983242 1
1 8 2 0.99500036 1
1 8 3 0.9869755 1
1 8 4 0.9518381 1
1 9 0 0.84745276 1
1 9 1 0.7953502 0
1 9 2 0.76372814 0
1 9 3 0.6879419 0
1 9 4 0.63924354 0
1 10 0 0.72843283 0
1 10 1 0.7363038 0
1 10 2 0.6916016 0
1 10 3 0.6338098 0
1 10 4 0.6422887 0
1 11 0 0.99663264 1
1 11 1 0.9919056 1
1 11 2 0.9736882 1
1 11 3 0.9288992 1
1 11 4 0.76559734 1
1 12 0 0.8219476 0
1 12 1 0.7666666 0
1 12 2 0.74426186 0
1 12 3 0.69407743 0
1 12 4 0.55301136 0
1 13 0 0.5588729 1
1 13 1 0.56187165 1
1 13 2 0.5502384 1
1 13 3 0.46492395 1
1 13 4 0.6632678 0
1 14 0 0.988346 1
1 14 1 0.9778805 1
1 14 2 0.93266934 1
1 14 3 0.83788663 1
1 14 4 0.75601465 0
1 15 0 0.99241513 1
1 15 1 0.9869117 1
1 15 2 0.95184284 1
1 15 3 0.8829899 1
1 15 4 0.6727281 0
1 16 0 0.7610028 0
1 16 1 0.683242 0
1 16 2 0.59764206 0
1 16 3 0.6639245 0
1 16 4 0.5239663 0
1 17 0 0.71755755 1
1 17 1 0.7062669 1
1 17 2 0.6317616 1
1 17 3 0.7117362 0
1 17 4 0.50827515 0
1 18 0 0.9978173 1
1 18 1 0.9941581 1
1 18 2 0.9786355 1
1 18 3 0.94159174 1
1 18 4 0.80780077 1
1 19 0 0.9977313 1
1 19 1 0.99397093 1
1 19 2 0.9795613 1
1 19 3 0.9460139 1
1 19 4 0.8279315 1
1 20 0 0.97987634 1
1 20 1 0.9577898 1
1 20 2 0.8868961 1
1 20 3 0.749724 1
1 20 4 0.8059602 0
1 24 0 0.990981 1
1 24 1 0.98056555 1
1 24 2 0.9428201 1
1 24 3 0.85820657 1
1 24 4 0.742904 0
1 27 0 0.5721666 1
1 27 1 0.57155335 1
1 27 2 0.5687529 1
1 27 3 0.56296563 1
1 27 4 0.5473331 1
1 43 0 0.88146853 0
1 43 1 0.87799424 0
1 43 2 0.8680357 0
1 43 3 0.7882188 0
1 43 4 0.68438905 0
1 46 0 0.18412128 0
1 46 1 0.18206672 0
1 46 2 0.20947926 0
1 46 3 0.17077732 0
1 46 4 0.19585891 0
1 55 0 0.994101 1
1 55 1 0.9874565 1
1 55 2 0.962563 1
1 55 3 0.9105355 1
1 55 4 0.7640269 0
1 443 0 0.83596265 0
1 443 1 0.8389242 0
1 443 2 0.8314018 0
1 443 3 0.8515634 0
1 443 4 0.7711146 0
2 2 0 0.5887365 0
2 2 1 0.47715256 0
2 2 2 0.4609176 0
2 2 3 0.4395861 0
2 2 4 0.35865018 0
2 3 0 0.8285868 1
2 3 1 0.76678675 1
2 3 2 0.79683137 0
2 3 3 0.6402535 0
2 3 4 0.7551399 0
2 4 0 0.41671765 0
2 4 1 0.5003252 0
2 4 2 0.42057267 0
2 4 3 0.3556154 0
2 4 4 0.23619612 0
2 5 0 0.3452653 1
2 5 1 0.3515416 1
2 5 2 0.35861304 1
2 5 3 0.3618581 1
2 5 4 0.31878853 1
2 6 0 0.78227574 1
2 6 1 0.7145158 1
2 6 2 0.72099143 0
2 6 3 0.59293294 0
2 6 4 0.51230377 0
2 7 0 0.5319338 0
2 7 1 0.5219528 0
2 7 2 0.4087712 0
2 7 3 0.496517 0
2 7 4 0.33262935 0
2 8 0 0.9086657 1
2 8 1 0.83569956 1
2 8 2 0.6415539 1
2 8 3 0.5742106 0
2 8 4 0.49849468 0
2 9 0 0.7641912 0
2 9 1 0.806721 0
2 9 2 0.7398602 0
2 9 3 0.70397913 0
2 9 4 0.6685147 0
2 10 0 0.81539637 0
2 10 1 0.797009 0
2 10 2 0.79944754 0
2 10 3 0.826321 0
2 10 4 0.70467734 0
2 11 0 0.90403116 1
2 11 1 0.80503607 1
2 11 2 0.6951996 0
2 11 3 0.6273683 0
2 11 4 0.54707605 0
2 12 0 0.9940696 1
2 12 1 0.9851253 1
2 12 2 0.94957954 1
2 12 3 0.87005913 1
2 12 4 0.6148214 1
2 13 0 0.9964466 1
2 13 1 0.9855196 1
2 13 2 0.9412527 1
2 13 3 0.8867604 1
2 13 4 0.7250245 0
2 14 0 0.99980545 1
2 14 1 0.9995637 1
2 14 2 0.99853814 1
2 14 3 0.9955088 1
2 14 4 0.982613 1
2 15 0 0.9965675 1
2 15 1 0.9972243 1
2 15 2 0.9982519 1
2 15 3 0.9989407 1
2 15 4 0.99693453 1
2 16 0 0.99805164 1
2 16 1 0.99199307 1
2 16 2 0.97565305 1
2 16 3 0.9411271 1
2 16 4 0.8435893 1
2 17 0 0.997902 1
2 17 1 0.9946008 1
2 17 2 0.98262465 1
2 17 3 0.95391643 1
2 17 4 0.8386645 1
2 18 0 0.88914686 0
2 18 1 0.8633105 0
2 18 2 0.91486067 0
2 18 3 0.8449544 0
2 18 4 0.81357247 0
2 19 0 0.95916563 1
2 19 1 0.9577327 1
2 19 2 0.93721265 0
2 19 3 0.9278787 0
2 19 4 0.86362904 0
2 20 0 0.99231195 1
2 20 1 0.9840847 1
2 20 2 0.95627785 1
2 20 3 0.8938075 1
2 20 4 0.8069542 0
2 21 0 0.92219985 0
2 21 1 0.89527154 0
2 21 2 0.8846841 0
2 21 3 0.83627284 0
2 21 4 0.7879223 0
2 26 0 0.72825706 0
2 26 1 0.8968009 0
2 26 2 0.8036859 0
2 26 3 0.7230707 0
2 26 4 0.6637542 0
2 37 0 0.75691146 0
2 37 1 0.7564335 0
2 37 2 0.74754304 0
2 37 3 0.72832966 0
2 37 4 0.84948 0
2 39 0 0.918703 0
2 39 1 0.91280246 0
2 39 2 0.8998672 0
2 39 3 0.89483076 0
2 39 4 0.88841724 0
2 53 0 0.9330916 0
2 53 1 0.93814224 0
2 53 2 0.9351505 0
2 53 3 0.9124368 0
2 53 4 0.8782582 0
2 200 0 0.9480756 0
2 200 1 0.9420371 0
2 200 2 0.9451048 0
2 200 3 0.9712614 0
2 200 4 0.9191642 0
3 4 1 0.9993084 1
3 4 2 0.9971234 1
3 4 3 0.9922004 1
3 5 1 0.99920124 1
3 5 2 0.99726516 1
3 5 3 0.99245286 1
3 6 1 0.22404338 0
3 6 2 0.16669598 0
3 6 3 0.1339533 0
3 7 1 0.39904368 1
3 7 2 0.31157476 0
3 7 3 0.31904608 0
3 8 1 0.9983684 1
3 8 2 0.99430853 1
3 8 3 0.98454314 1
3 9 1 0.9992966 1
3 9 2 0.9975935 1
3 9 3 0.99332094 1
3 10 1 0.49943593 1
3 10 2 0.37238505 0
3 10 3 0.3562742 0
3 11 1 0.94693846 1
3 11 2 0.8782894 1
3 11 3 0.7923816 1
3 12 1 0.9832548 1
3 12 2 0.9446639 1
3 12 3 0.8583643 1
3 13 1 0.9985644 1
3 13 2 0.9954673 1
3 13 3 0.98834044 1
3 14 1 0.9564605 1
3 14 2 0.8838798 1
3 14 3 0.8499915 0
3 15 1 0.9922133 1
3 15 2 0.98526365 1
3 15 3 0.9670579 1
3 16 1 0.996793 1
3 16 2 0.9895906 1
3 16 3 0.9713305 1
3 17 1 0.5576824 1
3 17 2 0.61540407 0
3 17 3 0.49799994 0
3 18 1 0.9552211 1
3 18 2 0.8575179 1
3 18 3 0.6770151 1
3 19 1 0.9980319 1
3 19 2 0.99476165 1
3 19 3 0.98585224 1
3 20 1 0.9968809 1
3 20 2 0.9893428 1
3 20 3 0.9712656 1
3 21 1 0.98332584 1
3 21 2 0.9466985 1
3 21 3 0.8639388 1
3 22 1 0.85856277 0
3 22 2 0.8506427 0
3 22 3 0.7967871 0
3 23 1 0.9771666 1
3 23 2 0.93667346 1
3 23 3 0.8397735 1
3 24 1 0.99964666 1
3 24 2 0.9987384 1
3 24 3 0.99637955 1
3 25 1 0.9781547 1
3 25 2 0.93672 1
3 25 3 0.84514195 1
3 26 1 0.99944985 1
3 26 2 0.99833417 1
3 26 3 0.9940253 1
3 52 1 0.9747045 1
3 52 2 0.9394495 1
3 52 3 0.8627397 1
3 53 1 0.9904457 1
3 53 2 0.97284925 1
3 53 3 0.92887384 1
4 2 0 0.99270856 1
4 2 2 0.9386554 1
4 2 3 0.84434384 1
4 2 4 0.5686016 1
4 3 0 0.7966157 1
4 3 2 0.7776915 1
4 3 3 0.72800577 1
4 3 4 0.55610365 1
4 4 0 0.32541257 0
4 4 2 0.3108209 0
4 4 3 0.37131497 0
4 4 4 0.25532883 0
4 5 0 0.9874292 1
4 5 2 0.89544404 1
4 5 3 0.74877983 1
4 5 4 0.49272802 0
4 6 0 0.99884814 1
4 6 2 0.989571 1
4 6 3 0.97058445 1
4 6 4 0.8922012 1
4 7 0 0.9978356 1
4 7 2 0.9794836 1
4 7 3 0.9454904 1
4 7 4 0.8106998 1
4 8 0 0.71477026 0
4 8 2 0.6583592 0
4 8 3 0.6394042 0
4 8 4 0.6697413 0
4 9 0 0.9977851 1
4 9 2 0.98251706 1
4 9 3 0.9534294 1
4 9 4 0.8378898 1
4 10 0 0.9995416 1
4 10 2 0.9959969 1
4 10 3 0.9905958 1
4 10 4 0.962513 1
4 11 0 0.64630324 0
4 11 2 0.5697025 0
4 11 3 0.4852463 0
4 11 4 0.6343887 0
4 12 0 0.9183143 0
4 12 2 0.8838747 0
4 12 3 0.83171606 0
4 12 4 0.6864065 0
4 21 0 0.8555475 0
4 21 2 0.8500232 0
4 21 3 0.7499661 0
4 21 4 0.71513695 0
4 50 0 0.9365153 0
4 50 2 0.9216361 0
4 50 3 0.88235235 0
4 50 4 0.855304 0
4 161 0 0.958296 0
4 161 2 0.95501804 0
4 161 3 0.9431624 0
4 161 4 0.8756434 0
4 196 0 0.9705684 0
4 196 2 0.9310481 0
4 196 3 0.9026052 0
4 196 4 0.9362915 0
