# 1e5
0 3 0 0.99979573 1
0 3 1 0.99948364 1
0 3 2 0.9982017 1
0 3 3 0.9950392 1
0 3 4 0.9794202 1
0 4 0 0.99990755 1
0 4 1 0.9999012 1
0 4 2 0.9992477 1
0 4 3 0.99681 1
0 4 4 0.989999 1
0 5 0 0.6076102 1
0 5 1 0.42264852 1
0 5 2 0.19006366 1
0 5 3 0.056376066 1
0 5 4 0.03424402 0
0 6 0 0.99692 1
0 6 1 0.9921602 1
0 6 2 0.9734618 1
0 6 3 0.9293183 1
0 6 4 0.76125985 1
0 7 0 0.75091094 1
0 7 1 0.62831557 1
0 7 2 0.38032427 1
0 7 3 0.16604798 1
0 7 4 0.06919166 0
0 8 0 0.26073286 1
0 8 1 0.24180627 1
0 8 2 0.24164863 0
0 8 3 0.19005787 0
0 8 4 0.13893539 0
0 9 0 0.9975682 1
0 9 1 0.99369484 1
0 9 2 0.9785556 1
0 9 3 0.9423017 1
0 9 4 0.7999413 1
0 11 0 0.9983217 1
0 11 1 0.99605477 1
0 11 2 0.98657924 1
0 11 3 0.9647189 1
0 11 4 0.86740553 1
0 12 0 0.9850497 1
0 12 1 0.98388416 1
0 12 2 0.9522526 1
0 12 3 0.87943894 1
0 12 4 0.6203024 1
0 13 0 0.99962556 1
0 13 1 0.998963 1
0 13 2 0.9967002 1
0 13 3 0.99193466 1
0 13 4 0.9674315 1
0 14 0 0.9632839 1
0 14 1 0.92536914 1
0 14 2 0.8076285 1
0 14 3 0.6108634 1
0 14 4 0.24646288 1
0 16 0 0.51731426 0
0 16 1 0.4755286 0
0 16 2 0.35389858 0
0 16 3 0.31251773 0
0 16 4 0.28035548 0
0 17 0 0.97121924 1
0 17 1 0.9497945 1
0 17 2 0.882512 1
0 17 3 0.75029576 1
0 17 4 0.43002927 1
0 18 0 0.9975035 1
0 18 1 0.99313694 1
0 18 2 0.9779985 1
0 18 3 0.9436013 1
0 18 4 0.8079401 1
0 25 0 0.998324 1
0 25 1 0.9963922 1
0 25 2 0.99194425 1
0 25 3 0.98049074 1
0 25 4 0.9349412 1
0 37 0 0.9978495 1
0 37 1 0.994847 1
0 37 2 0.9827739 1
0 37 3 0.95622927 1
0 37 4 0.85412335 1
0 42 0 0.9963053 1
0 42 1 0.9954758 1
0 42 2 0.99112225 1
0 42 3 0.9838648 1
0 42 4 0.93821275 1
0 61 0 0.7108842 0
0 61 1 0.7248796 0
0 61 2 0.6854857 0
0 61 3 0.6568784 0
0 61 4 0.62173426 0
1 2 0 0.99375486 1
1 2 1 0.9837463 1
1 2 2 0.9449961 1
1 2 3 0.8547168 1
1 2 4 0.57413983 1
1 3 0 0.8370359 1
1 3 1 0.6976685 1
1 3 2 0.46691954 1
1 3 3 0.26294205 1
1 3 4 0.07770272 1
1 4 0 0.99743503 1
1 4 1 0.99446243 1
1 4 2 0.98219466 1
1 4 3 0.9537727 1
1 4 4 0.8367414 1
1 5 0 0.9320288 1
1 5 1 0.84904337 1
1 5 2 0.6463673 1
1 5 3 0.39038473 1
1 5 4 0.07319755 1
1 6 0 0.9703241 1
1 6 1 0.93543005 1
1 6 2 0.81141657 1
1 6 3 0.6011837 1
1 6 4 0.22947282 1
1 7 0 0.998751 1
1 7 1 0.9972422 1
1 7 2 0.9908547 1
1 7 3 0.9750726 1
1 7 4 0.9053096 1
1 8 0 0.999475 1
1 8 1 0.9983242 1
1 8 2 0.99500036 1
1 8 3 0.9869755 1
1 8 4 0.9518381 1
1 9 0 0.84745276 1
1 9 1 0.786344 1
1 9 2 0.6282006 1
1 9 3 0.41744107 1
1 9 4 0.24148177 0
1 10 0 0.39466515 0
1 10 1 0.34650406 0
1 10 2 0.28452137 0
1 10 3 0.25756386 0
1 10 4 0.19384459 0
1 11 0 0.99663264 1
1 11 1 0.9919056 1
1 11 2 0.9736882 1
1 11 3 0.9288992 1
1 11 4 0.76559734 1
1 12 0 0.43959513 0
1 12 1 0.38787016 0
1 12 2 0.3685666 0
1 12 3 0.32763627 0
1 12 4 0.24518602 0
1 14 0 0.988346 1
1 14 1 0.9778805 1
1 14 2 0.93266934 1
1 14 3 0.83788663 1
1 14 4 0.55415386 1
1 15 0 0.99241513 1
1 15 1 0.9869117 1
1 15 2 0.95184284 1
1 15 3 0.8829899 1
1 15 4 0.64095414 1
1 16 0 0.38149434 0
1 16 1 0.31055737 0
1 16 2 0.20238867 0
1 16 3 0.19442528 0
1 16 4 0.17036521 0
1 18 0 0.9978173 1
1 18 1 0.9941581 1
1 18 2 0.9786355 1
1 18 3 0.94159174 1
1 18 4 0.80780077 1
1 19 0 0.9977313 1
1 19 1 0.99397093 1
1 19 2 0.9795613 1
1 19 3 0.9460139 1
1 19 4 0.8279315 1
1 20 0 0.97987634 1
1 20 1 0.9577898 1
1 20 2 0.8868961 1
1 20 3 0.749724 1
1 20 4 0.41942614 1
1 24 0 0.990981 1
1 24 1 0.98056555 1
1 24 2 0.9428201 1
1 24 3 0.85820657 1
1 24 4 0.5862119 1
1 43 0 0.58253354 0
1 43 1 0.56839275 0
1 43 2 0.5734603 0
1 43 3 0.503914 0
1 43 4 0.38296613 0
1 46 0 0.06134222 0
1 46 1 0.060669504 0
1 46 2 0.054830536 0
1 46 3 0.06342484 0
1 46 4 0.052587043 0
1 55 0 0.994101 1
1 55 1 0.9874565 1
1 55 2 0.962563 1
1 55 3 0.9105355 1
1 55 4 0.71838987 1
1 443 0 0.54277635 0
1 443 1 0.545308 0
1 443 2 0.5385425 0
1 443 3 0.52520305 0
1 443 4 0.46827155 0
2 2 0 0.41715473 1
2 2 1 0.33043638 1
2 2 2 0.18390621 1
2 2 3 0.11994264 0
2 2 4 0.10619123 0
2 3 0 0.8285868 1
2 3 1 0.76678675 1
2 3 2 0.5909401 1
2 3 3 0.3596875 1
2 3 4 0.2235956 0
2 4 0 0.22769271 1
2 4 1 0.16748412 1
2 4 2 0.07382517 1
2 4 3 0.09742823 0
2 4 4 0.07403878 0
2 6 0 0.78227574 1
2 6 1 0.7145158 1
2 6 2 0.52243054 1
2 6 3 0.2945905 1
2 6 4 0.16957524 0
2 7 0 0.20144008 0
2 7 1 0.1975843 0
2 7 2 0.14652266 0
2 7 3 0.10461344 0
2 7 4 0.14261314 0
2 8 0 0.9086657 1
2 8 1 0.83569956 1
2 8 2 0.6415539 1
2 8 3 0.3963476 1
2 8 4 0.16082507 0
2 9 0 0.36787033 0
2 9 1 0.34431174 0
2 9 2 0.3700638 0
2 9 3 0.33782083 0
2 9 4 0.26397592 0
2 10 0 0.70198613 1
2 10 1 0.65282816 1
2 10 2 0.5114057 1
2 10 3 0.3495355 0
2 10 4 0.28547713 0
2 11 0 0.90403116 1
2 11 1 0.80503607 1
2 11 2 0.5974774 1
2 11 3 0.36081773 1
2 11 4 0.17967895 0
2 12 0 0.9940696 1
2 12 1 0.9851253 1
2 12 2 0.94957954 1
2 12 3 0.87005913 1
2 12 4 0.6148214 1
2 13 0 0.9964466 1
2 13 1 0.9855196 1
2 13 2 0.9412527 1
2 13 3 0.8867604 1
2 13 4 0.6661728 1
2 14 0 0.99980545 1
2 14 1 0.9995637 1
2 14 2 0.99853814 1
2 14 3 0.9955088 1
2 14 4 0.982613 1
2 15 0 0.9965675 1
2 15 1 0.9972243 1
2 15 2 0.9982519 1
2 15 3 0.9989407 1
2 15 4 0.99693453 1
2 16 0 0.99805164 1
2 16 1 0.99199307 1
2 16 2 0.97565305 1
2 16 3 0.9411271 1
2 16 4 0.8435893 1
2 17 0 0.997902 1
2 17 1 0.9946008 1
2 17 2 0.98262465 1
2 17 3 0.95391643 1
2 17 4 0.8386645 1
2 18 0 0.60409415 1
2 18 1 0.5813428 1
2 18 2 0.5029878 0
2 18 3 0.47512397 0
2 18 4 0.5250397 0
2 19 0 0.95916563 1
2 19 1 0.9577327 1
2 19 2 0.9130755 1
2 19 3 0.8378283 1
2 19 4 0.66123295 0
2 20 0 0.99231195 1
2 20 1 0.9840847 1
2 20 2 0.95627785 1
2 20 3 0.8938075 1
2 20 4 0.6723133 1
2 21 0 0.8040257 1
2 21 1 0.79526705 1
2 21 2 0.7282097 1
2 21 3 0.5854647 1
2 21 4 0.46361086 0
2 39 0 0.77290124 1
2 39 1 0.7179645 1
2 39 2 0.6551338 0
2 39 3 0.6724067 0
2 39 4 0.5396105 0
2 53 0 0.71502125 0
2 53 1 0.704718 0
2 53 2 0.6986807 0
2 53 3 0.69933677 0
2 53 4 0.6485248 0
2 200 0 0.8669495 0
2 200 1 0.8647666 0
2 200 2 0.8461406 0
2 200 3 0.8017208 0
2 200 4 0.658481 0
3 4 1 0.9993084 1
3 4 2 0.9971234 1
3 4 3 0.9922004 1
3 5 1 0.99920124 1
3 5 2 0.99726516 1
3 5 3 0.99245286 1
3 6 1 0.09115081 1
3 6 2 0.021477737 1
3 6 3 0.017737543 0
3 8 1 0.9983684 1
3 8 2 0.99430853 1
3 8 3 0.98454314 1
3 9 1 0.9992966 1
3 9 2 0.9975935 1
3 9 3 0.99332094 1
3 11 1 0.94693846 1
3 11 2 0.8782894 1
3 11 3 0.7923816 1
3 12 1 0.9832548 1
3 12 2 0.9446639 1
3 12 3 0.8583643 1
3 13 1 0.9985644 1
3 13 2 0.9954673 1
3 13 3 0.98834044 1
3 14 1 0.9564605 1
3 14 2 0.8838798 1
3 14 3 0.73744524 1
3 16 1 0.996793 1
3 16 2 0.9895906 1
3 16 3 0.9713305 1
3 18 1 0.9552211 1
3 18 2 0.8575179 1
3 18 3 0.6770151 1
3 19 1 0.9980319 1
3 19 2 0.99476165 1
3 19 3 0.98585224 1
3 20 1 0.9968809 1
3 20 2 0.9893428 1
3 20 3 0.9712656 1
3 21 1 0.98332584 1
3 21 2 0.9466985 1
3 21 3 0.8639388 1
3 22 1 0.79532367 1
3 22 2 0.68156254 1
3 22 3 0.5261463 1
3 23 1 0.9771666 1
3 23 2 0.93667346 1
3 23 3 0.8397735 1
3 24 1 0.99964666 1
3 24 2 0.9987384 1
3 24 3 0.99637955 1
3 25 1 0.9781547 1
3 25 2 0.93672 1
3 25 3 0.84514195 1
3 26 1 0.99944985 1
3 26 2 0.99833417 1
3 26 3 0.9940253 1
3 52 1 0.9747045 1
3 52 2 0.9394495 1
3 52 3 0.8627397 1
3 53 1 0.9904457 1
3 53 2 0.97284925 1
3 53 3 0.92887384 1
4 2 0 0.99270856 1
4 2 2 0.9386554 1
4 2 3 0.84434384 1
4 2 4 0.5686016 1
4 5 0 0.9874292 1
4 5 2 0.89544404 1
4 5 3 0.74877983 1
4 5 4 0.38354576 1
4 6 0 0.99884814 1
4 6 2 0.989571 1
4 6 3 0.97058445 1
4 6 4 0.8922012 1
4 7 0 0.9978356 1
4 7 2 0.9794836 1
4 7 3 0.9454904 1
4 7 4 0.8106998 1
4 8 0 0.5539887 0
4 8 2 0.42029923 0
4 8 3 0.32066846 0
4 8 4 0.26288956 0
4 9 0 0.9977851 1
4 9 2 0.98251706 1
4 9 3 0.9534294 1
4 9 4 0.8378898 1
4 10 0 0.9995416 1
4 10 2 0.9959969 1
4 10 3 0.9905958 1
4 10 4 0.962513 1
4 11 0 0.4553504 1
4 11 2 0.3712148 1
4 11 3 0.23493995 1
4 11 4 0.15758358 0
4 12 0 0.9091317 1
4 12 2 0.80678046 1
4 12 3 0.66021466 1
4 12 4 0.44300148 0
4 21 0 0.4591006 0
4 21 2 0.5357662 0
4 21 3 0.40818775 0
4 21 4 0.33083758 0
4 50 0 0.6614777 0
4 50 2 0.6027597 0
4 50 3 0.6292717 0
4 50 4 0.6218597 0
4 196 0 0.7153074 1
4 196 2 0.61364675 1
4 196 3 0.67012763 0
4 196 4 0.59562165 0


# 1e4
0 19 0 0.99683267 1
0 19 1 0.99451154 1
0 19 2 0.9858168 1
0 19 3 0.9652953 1
0 19 4 0.8610018 1
0 20 0 0.9995942 1
0 20 1 0.9993339 1
0 20 2 0.99795514 1
0 20 3 0.99477845 1
0 20 4 0.97428805 1
0 21 0 0.19183563 1
0 21 1 0.16681242 1
0 21 2 0.15032879 0
0 21 3 0.14209795 0
0 21 4 0.10731217 0
0 22 0 0.99785197 1
0 22 1 0.99529004 1
0 22 2 0.98460305 1
0 22 3 0.96065307 1
0 22 4 0.860683 1
0 23 0 0.99964654 1
0 23 1 0.9987734 1
0 23 2 0.9985342 1
0 23 3 0.99596924 1
0 23 4 0.98417217 1
0 24 0 0.4791374 0
0 24 1 0.47127998 0
0 24 2 0.42737177 0
0 24 3 0.40747502 0
0 24 4 0.3745667 0
0 26 0 0.9981823 1
0 26 1 0.9972652 1
0 26 2 0.99451816 1
0 26 3 0.983698 1
0 26 4 0.93213236 1
0 27 0 0.9982594 1
0 27 1 0.99902576 1
0 27 2 0.9988285 1
0 27 3 0.99790955 1
0 27 4 0.99111986 1
0 28 0 0.99680984 1
0 28 1 0.9930275 1
0 28 2 0.9778294 1
0 28 3 0.9412304 1
0 28 4 0.795877 1
0 29 0 0.99819446 1
0 29 1 0.9958112 1
0 29 2 0.9872454 1
0 29 3 0.9673687 1
0 29 4 0.8813645 1
0 30 0 0.99997723 1
0 30 1 0.9999562 1
0 30 2 0.99981415 1
0 30 3 0.998709 1
0 30 4 0.9955071 1
0 31 0 0.31086725 0
0 31 1 0.31516635 0
0 31 2 0.28173634 0
0 31 3 0.28420213 0
0 31 4 0.17091428 0
0 32 0 0.9687843 1
0 32 1 0.92832386 1
0 32 2 0.8070577 1
0 32 3 0.6102991 1
0 32 4 0.2485587 1
0 33 0 0.36925486 0
0 33 1 0.425969 0
0 33 2 0.3648741 0
0 33 3 0.38208032 0
0 33 4 0.30313146 0
0 34 0 0.4953463 0
0 34 1 0.48377934 0
0 34 2 0.50970036 0
0 34 3 0.5017992 0
0 34 4 0.46538594 0
0 35 0 0.76382446 0
0 35 1 0.76917017 0
0 35 2 0.7276939 0
0 35 3 0.6892551 0
0 35 4 0.5836187 0
0 36 0 0.9999914 1
0 36 1 0.99991864 1
0 36 2 0.9995722 1
0 36 3 0.999 1
0 36 4 0.9963195 1
0 39 0 0.9964999 1
0 39 1 0.996597 1
0 39 2 0.99453247 1
0 39 3 0.9810784 1
0 39 4 0.9468035 1
0 40 0 0.55260783 0
0 40 1 0.5365864 0
0 40 2 0.53171915 0
0 40 3 0.59226036 0
0 40 4 0.4615752 0
0 41 0 0.9971491 1
0 41 1 0.99460655 1
0 41 2 0.9833426 1
0 41 3 0.95981216 1
0 41 4 0.8719007 1
0 43 0 0.99981433 1
0 43 1 0.99932206 1
0 43 2 0.99815965 1
0 43 3 0.9952154 1
0 43 4 0.9816997 1
0 44 0 0.6293729 0
0 44 1 0.612247 0
0 44 2 0.69661653 0
0 44 3 0.55912143 0
0 44 4 0.49239883 0
0 45 0 0.9985703 1
0 45 1 0.99739206 1
0 45 2 0.99138325 1
0 45 3 0.9795089 1
0 45 4 0.92097247 1
0 46 0 0.9780096 1
0 46 1 0.9538035 1
0 46 2 0.88372546 1
0 46 3 0.7522585 1
0 46 4 0.49424952 0
0 47 0 0.99911106 1
0 47 1 0.99829066 1
0 47 2 0.9947948 1
0 47 3 0.98765063 1
0 47 4 0.9543839 1
0 48 0 0.57626665 0
0 48 1 0.57156104 0
0 48 2 0.526272 0
0 48 3 0.5181927 0
0 48 4 0.55501896 0
0 49 0 0.9947478 1
0 49 1 0.9910141 1
0 49 2 0.9743875 1
0 49 3 0.93561435 1
0 49 4 0.7773407 1
0 50 0 0.5536791 0
0 50 1 0.56330687 0
0 50 2 0.59503204 0
0 50 3 0.54016924 0
0 50 4 0.492474 0
0 51 0 0.9794458 1
0 51 1 0.9600174 1
0 51 2 0.9047813 1
0 51 3 0.8000356 1
0 51 4 0.5701253 0
0 52 0 0.96716964 1
0 52 1 0.95588946 1
0 52 2 0.92323446 1
0 52 3 0.89619106 0
0 52 4 0.7674065 0
0 53 0 0.5094983 0
0 53 1 0.4992298 0
0 53 2 0.49274373 0
0 53 3 0.46629682 0
0 53 4 0.30838355 0
0 54 0 0.5443392 0
0 54 1 0.5400129 0
0 54 2 0.4909466 0
0 54 3 0.5775134 0
0 54 4 0.41772223 0
0 55 0 0.99949527 1
0 55 1 0.9979893 1
0 55 2 0.9931822 1
0 55 3 0.9824849 1
0 55 4 0.9379894 1
0 56 0 0.6692855 0
0 56 1 0.66643 0
0 56 2 0.6217912 0
0 56 3 0.6487889 0
0 56 4 0.5402358 0
0 57 0 0.64997834 0
0 57 1 0.62093467 0
0 57 2 0.59595156 0
0 57 3 0.606959 0
0 57 4 0.45932844 0
0 58 0 0.80229616 0
0 58 1 0.8003759 0
0 58 2 0.78628117 0
0 58 3 0.7484374 0
0 58 4 0.6469657 0
0 59 0 0.5765545 0
0 59 1 0.5817023 0
0 59 2 0.58010596 0
0 59 3 0.52325046 0
0 59 4 0.47186834 0
0 60 0 0.99971074 1
0 60 1 0.99935883 1
0 60 2 0.99934506 1
0 60 3 0.9973888 1
0 60 4 0.95904064 1
0 62 0 0.99714625 1
0 62 1 0.99540913 1
0 62 2 0.99534476 1
0 62 3 0.9910925 1
0 62 4 0.97152597 1
0 63 0 0.9992516 1
0 63 1 0.99883765 1
0 63 2 0.9912673 1
0 63 3 0.9787033 1
0 63 4 0.9633289 1
0 64 0 0.7927255 0
0 64 1 0.84183395 0
0 64 2 0.78733045 0
0 64 3 0.839831 0
0 64 4 0.7184102 0
0 65 0 0.5886991 0
0 65 1 0.5905035 0
0 65 2 0.5558691 0
0 65 3 0.48227534 0
0 65 4 0.41758144 0
0 66 0 0.48191428 0
0 66 1 0.46302804 0
0 66 2 0.39293784 0
0 66 3 0.36552548 0
0 66 4 0.30019 0
0 67 0 0.7652898 0
0 67 1 0.7524627 0
0 67 2 0.75044346 0
0 67 3 0.72751683 0
0 67 4 0.6980586 0
0 68 0 0.99878645 1
0 68 1 0.99774915 1
0 68 2 0.99350685 1
0 68 3 0.984993 1
0 68 4 0.9429199 1
0 69 0 0.99392515 1
0 69 1 0.98770493 1
0 69 2 0.9682232 1
0 69 3 0.91914403 1
0 69 4 0.74414086 1
0 70 0 0.99897295 1
0 70 1 0.9981704 1
0 70 2 0.9951346 1
0 70 3 0.987672 1
0 70 4 0.9530372 1
0 71 0 0.992395 1
0 71 1 0.9894963 1
0 71 2 0.983657 1
0 71 3 0.96355224 1
0 71 4 0.87478524 1
0 72 0 0.9983227 1
0 72 1 0.9971645 1
0 72 2 0.99388176 1
0 72 3 0.9911571 1
0 72 4 0.96578693 1
0 73 0 0.6060397 0
0 73 1 0.59864175 0
0 73 2 0.6885145 0
0 73 3 0.5801596 0
0 73 4 0.6162925 0
0 74 0 0.99900645 1
0 74 1 0.9985187 1
0 74 2 0.9958354 1
0 74 3 0.99373645 1
0 74 4 0.96682125 1
0 75 0 0.99667 1
0 75 1 0.99675506 1
0 75 2 0.99277705 1
0 75 3 0.9783302 1
0 75 4 0.9367171 1
0 76 0 0.92358166 1
0 76 1 0.92622304 1
0 76 2 0.906566 1
0 76 3 0.8612717 1
0 76 4 0.68587923 0
0 77 0 0.99848557 1
0 77 1 0.99824053 1
0 77 2 0.9958273 1
0 77 3 0.99031 1
0 77 4 0.96041065 1
0 78 0 0.99595004 1
0 78 1 0.9977131 1
0 78 2 0.9962084 1
0 78 3 0.9874154 1
0 78 4 0.91396475 1
0 79 0 0.99726176 1
0 79 1 0.99692076 1
0 79 2 0.9876776 1
0 79 3 0.97315216 1
0 79 4 0.9140935 1
0 80 0 0.90779096 1
0 80 1 0.87807024 1
0 80 2 0.8179163 1
0 80 3 0.785346 0
0 80 4 0.663793 0
0 81 0 0.99889326 1
0 81 1 0.9987766 1
0 81 2 0.996623 1
0 81 3 0.9925801 1
0 81 4 0.97128344 1
0 82 0 0.9076183 0
0 82 1 0.8911355 0
0 82 2 0.8807254 0
0 82 3 0.86357874 0
0 82 4 0.82055604 0
0 83 0 0.99954355 1
0 83 1 0.9992504 1
0 83 2 0.99832314 1
0 83 3 0.9967778 1
0 83 4 0.98058045 1
0 84 0 0.9910739 1
0 84 1 0.9823129 1
0 84 2 0.95752776 1
0 84 3 0.89961857 1
0 84 4 0.7258512 1
0 85 0 0.8331355 0
0 85 1 0.82361627 0
0 85 2 0.80215406 0
0 85 3 0.7699602 0
0 85 4 0.7167554 0
0 86 0 0.8690268 0
0 86 1 0.8654906 0
0 86 2 0.8411407 0
0 86 3 0.8558443 0
0 86 4 0.8149436 0
0 87 0 0.6702116 0
0 87 1 0.7317998 0
0 87 2 0.6560586 0
0 87 3 0.68969154 0
0 87 4 0.5871322 0
0 88 0 0.9983619 1
0 88 1 0.99783224 1
0 88 2 0.99565804 1
0 88 3 0.98662394 1
0 88 4 0.95106184 1
0 89 0 0.9993848 1
0 89 1 0.9988934 1
0 89 2 0.99751747 1
0 89 3 0.9953341 1
0 89 4 0.9827853 1
0 90 0 0.99523616 1
0 90 1 0.9969752 1
0 90 2 0.9950201 1
0 90 3 0.99209684 1
0 90 4 0.9723038 1
0 91 0 0.8741333 0
0 91 1 0.8739808 0
0 91 2 0.886567 0
0 91 3 0.884149 0
0 91 4 0.8277428 0
0 92 0 0.80112153 0
0 92 1 0.80082417 0
0 92 2 0.7762475 0
0 92 3 0.8164127 0
0 92 4 0.68521106 0
0 93 0 0.7919822 0
0 93 1 0.790732 0
0 93 2 0.7554997 0
0 93 3 0.6934609 0
0 93 4 0.61183995 0
0 94 0 0.7043856 0
0 94 1 0.8068685 0
0 94 2 0.70409024 0
0 94 3 0.6634922 0
0 94 4 0.54955393 0
0 95 0 0.9936088 1
0 95 1 0.9864909 1
0 95 2 0.968967 1
0 95 3 0.928187 1
0 95 4 0.77513003 1
0 96 0 0.9780989 1
0 96 1 0.97212064 1
0 96 2 0.9596604 1
0 96 3 0.93115336 1
0 96 4 0.82636625 1
0 97 0 0.76733035 0
0 97 1 0.7872814 0
0 97 2 0.8947849 0
0 97 3 0.8247168 0
0 97 4 0.6604433 0
0 98 0 0.9988765 1
0 98 1 0.9983207 1
0 98 2 0.9957997 1
0 98 3 0.9748495 1
0 98 4 0.913481 1
0 99 0 0.70455223 0
0 99 1 0.6997822 0
0 99 2 0.6681597 0
0 99 3 0.5970342 0
0 99 4 0.57678807 0
0 100 0 0.9992477 1
0 100 1 0.999101 1
0 100 2 0.9979088 1
0 100 3 0.9953579 1
0 100 4 0.98703486 1
0 101 0 0.99829775 1
0 101 1 0.9971544 1
0 101 2 0.99296474 1
0 101 3 0.98212695 1
0 101 4 0.9336444 1
0 102 0 0.99406135 1
0 102 1 0.99236274 1
0 102 2 0.98471445 1
0 102 3 0.96557826 1
0 102 4 0.8691573 1
0 103 0 0.9969116 1
0 103 1 0.9908496 1
0 103 2 0.971344 1
0 103 3 0.93874246 1
0 103 4 0.82397944 1
0 104 0 0.96069944 1
0 104 1 0.95131165 1
0 104 2 0.8981337 1
0 104 3 0.81362426 1
0 104 4 0.8165338 0
0 105 0 0.85440403 0
0 105 1 0.8537159 0
0 105 2 0.8658596 0
0 105 3 0.94449246 0
0 105 4 0.87519836 0
0 106 0 0.9966015 1
0 106 1 0.99495786 1
0 106 2 0.9920402 1
0 106 3 0.98746616 1
0 106 4 0.9534501 1
0 107 0 0.9058989 0
0 107 1 0.90106815 0
0 107 2 0.9067499 0
0 107 3 0.9008571 0
0 107 4 0.87182474 0
0 108 0 0.9365178 0
0 108 1 0.9385752 0
0 108 2 0.89643717 0
0 108 3 0.9038704 0
0 108 4 0.8788664 0
0 109 0 0.9917381 1
0 109 1 0.9824806 1
0 109 2 0.9622045 1
0 109 3 0.91202307 1
0 109 4 0.7587217 1
0 110 0 0.97347236 1
0 110 1 0.96232253 1
0 110 2 0.9352759 1
0 110 3 0.88653475 1
0 110 4 0.761841 0
0 111 0 0.9896369 1
0 111 1 0.9842672 1
0 111 2 0.96464306 1
0 111 3 0.9302202 1
0 111 4 0.7729257 1
0 112 0 0.99124235 1
0 112 1 0.9883388 1
0 112 2 0.9717577 1
0 112 3 0.9350789 1
0 112 4 0.78611714 1
0 113 0 0.84587264 0
0 113 1 0.84071153 0
0 113 2 0.8376318 0
0 113 3 0.80608445 0
0 113 4 0.7531094 0
0 114 0 0.8867094 0
0 114 1 0.87635213 0
0 114 2 0.8739069 0
0 114 3 0.85050404 0
0 114 4 0.7779505 0
0 115 0 0.8045818 0
0 115 1 0.79522014 0
0 115 2 0.7734514 0
0 115 3 0.7413331 0
0 115 4 0.77207506 0
0 116 0 0.90384144 0
0 116 1 0.90560144 0
0 116 2 0.8931717 0
0 116 3 0.8799619 0
0 116 4 0.8321862 0
0 117 0 0.8528347 0
0 117 1 0.8429374 0
0 117 2 0.84081364 0
0 117 3 0.87167555 0
0 117 4 0.8019663 0
0 118 0 0.99786 1
0 118 1 0.99823433 1
0 118 2 0.9968174 1
0 118 3 0.9920628 1
0 118 4 0.97348803 1
0 119 0 0.9971115 1
0 119 1 0.9955189 1
0 119 2 0.9898371 1
0 119 3 0.98182744 1
0 119 4 0.9343673 1
0 120 0 0.987426 1
0 120 1 0.98536265 1
0 120 2 0.9786818 1
0 120 3 0.96199214 1
0 120 4 0.89263076 1
0 121 0 0.90318763 0
0 121 1 0.8999136 0
0 121 2 0.9045611 0
0 121 3 0.89663047 0
0 121 4 0.8295547 0
0 122 0 0.51252466 1
0 122 1 0.51300615 1
0 122 2 0.5120594 1
0 122 3 0.5093978 1
0 122 4 0.4957029 1
0 123 0 0.72126025 0
0 123 1 0.70808554 0
0 123 2 0.68109226 0
0 123 3 0.6585778 0
0 123 4 0.6598502 0
0 124 0 0.9997398 1
0 124 1 0.99960667 1
0 124 2 0.9955355 1
0 124 3 0.9979305 1
0 124 4 0.98733747 1
0 125 0 0.7180507 0
0 125 1 0.72576123 0
0 125 2 0.7171512 0
0 125 3 0.6901345 0
0 125 4 0.57082456 0
0 128 0 0.9855117 1
0 128 1 0.9796838 1
0 128 2 0.965253 1
0 128 3 0.94339275 1
0 128 4 0.8735627 0
0 138 0 0.82127047 0
0 138 1 0.85663515 0
0 138 2 0.7735191 0
0 138 3 0.70431876 0
0 138 4 0.70866793 0
0 147 0 0.9192743 0
0 147 1 0.9175463 0
0 147 2 0.91455895 0
0 147 3 0.8961946 0
0 147 4 0.83485943 0
0 154 0 0.80748415 0
0 154 1 0.7972449 0
0 154 2 0.8016562 0
0 154 3 0.8159651 0
0 154 4 0.7036602 0
0 159 0 0.52862984 1
0 159 1 0.5156631 1
0 159 2 0.47377852 1
0 159 3 0.6517152 0
0 159 4 0.5324816 0
0 172 0 0.90501773 0
0 172 1 0.8903143 0
0 172 2 0.86102116 0
0 172 3 0.8318749 0
0 172 4 0.7757368 0
0 194 0 0.8796686 0
0 194 1 0.88013077 0
0 194 2 0.8486903 0
0 194 3 0.82323176 0
0 194 4 0.68705785 0
0 214 0 0.6353651 0
0 214 1 0.631006 0
0 214 2 0.58805126 0
0 214 3 0.5453264 0
0 214 4 0.43847668 0
0 216 0 0.817171 0
0 216 1 0.8146557 0
0 216 2 0.77865964 0
0 216 3 0.7137465 0
0 216 4 0.7275261 0
0 659 0 0.37774813 0
0 659 1 0.7365919 0
0 659 2 0.7503763 0
0 659 3 0.65030736 0
0 659 4 0.81526834 0
0 997 0 0.50546265 0
0 997 1 0.784546 0
0 997 2 0.8141004 0
0 997 3 0.83090585 0
0 997 4 0.8623876 0
0 1313 0 0.9312256 0
0 1313 1 0.9316204 0
0 1313 2 0.9194763 0
0 1313 3 0.93769604 0
0 1313 4 0.9031026 0
0 1419 0 0.18179092 0
0 1419 1 0.346998 0
0 1419 2 0.43927604 0
0 1419 3 0.7794069 0
0 1419 4 0.7213605 0
1 21 0 0.9939687 1
1 21 1 0.9871329 1
1 21 2 0.95665795 1
1 21 3 0.8901509 1
1 21 4 0.6640742 1
1 22 0 0.9894415 1
1 22 1 0.97712684 1
1 22 2 0.9337432 1
1 22 3 0.84211504 1
1 22 4 0.56443286 1
1 23 0 0.57191736 0
1 23 1 0.547578 0
1 23 2 0.52665955 0
1 23 3 0.4945203 0
1 23 4 0.40866432 0
1 25 0 0.2593988 1
1 25 1 0.2594112 1
1 25 2 0.259399 1
1 25 3 0.25924176 1
1 25 4 0.25380778 1
1 26 0 0.99579775 1
1 26 1 0.9906015 1
1 26 2 0.97252315 1
1 26 3 0.92845285 1
1 26 4 0.7617531 1
1 28 0 0.9985661 1
1 28 1 0.99688935 1
1 28 2 0.9903993 1
1 28 3 0.9742787 1
1 28 4 0.8782154 1
1 29 0 0.9976548 1
1 29 1 0.99285877 1
1 29 2 0.978037 1
1 29 3 0.94142526 1
1 29 4 0.7940271 1
1 30 0 0.6606148 0
1 30 1 0.605757 0
1 30 2 0.5054177 0
1 30 3 0.36941004 0
1 30 4 0.21201408 0
1 31 0 0.9770737 1
1 31 1 0.947525 1
1 31 2 0.8621002 1
1 31 3 0.7022236 1
1 31 4 0.38890707 0
1 32 0 0.99667025 1
1 32 1 0.9947529 1
1 32 2 0.98438215 1
1 32 3 0.9576711 1
1 32 4 0.8555829 1
1 33 0 0.9700178 1
1 33 1 0.94908184 1
1 33 2 0.8564921 1
1 33 3 0.70166194 1
1 33 4 0.36755317 1
1 34 0 0.9997674 1
1 34 1 0.9994439 1
1 34 2 0.99862385 1
1 34 3 0.9958435 1
1 34 4 0.9841276 1
1 35 0 0.99302495 1
1 35 1 0.9888993 1
1 35 2 0.97171485 1
1 35 3 0.9316414 1
1 35 4 0.77131826 1
1 36 0 0.99814653 1
1 36 1 0.9956176 1
1 36 2 0.9866804 1
1 36 3 0.96409816 1
1 36 4 0.8774785 1
1 37 0 0.7144263 0
1 37 1 0.70528597 0
1 37 2 0.66475785 0
1 37 3 0.57746434 0
1 37 4 0.37276837 0
1 38 0 0.8824443 1
1 38 1 0.8526807 1
1 38 2 0.7731582 1
1 38 3 0.6496681 1
1 38 4 0.5785701 0
1 39 0 0.9972877 1
1 39 1 0.99382544 1
1 39 2 0.98161495 1
1 39 3 0.9507631 1
1 39 4 0.8245379 1
1 40 0 0.98183763 1
1 40 1 0.9692304 1
1 40 2 0.9298279 1
1 40 3 0.8429004 1
1 40 4 0.58050674 1
1 41 0 0.96299094 1
1 41 1 0.948414 1
1 41 2 0.90020025 1
1 41 3 0.8021151 1
1 41 4 0.58904046 0
1 42 0 0.69650507 0
1 42 1 0.69596225 0
1 42 2 0.6833172 0
1 42 3 0.58018243 0
1 42 4 0.45519164 0
1 44 0 0.991175 1
1 44 1 0.9811934 1
1 44 2 0.95341164 1
1 44 3 0.8965463 1
1 44 4 0.7010035 1
1 45 0 0.99822444 1
1 45 1 0.9961591 1
1 45 2 0.9880432 1
1 45 3 0.9681444 1
1 45 4 0.8862554 1
1 47 0 0.64724505 0
1 47 1 0.6383093 0
1 47 2 0.604227 0
1 47 3 0.55452734 0
1 47 4 0.5956269 0
1 48 0 0.6247775 1
1 48 1 0.58924544 1
1 48 2 0.4887769 1
1 48 3 0.45078248 0
1 48 4 0.3463496 0
1 49 0 0.53548765 0
1 49 1 0.5266626 0
1 49 2 0.4861764 0
1 49 3 0.47786042 0
1 49 4 0.40467396 0
1 50 0 0.9979726 1
1 50 1 0.99590003 1
1 50 2 0.9883374 1
1 50 3 0.97022754 1
1 50 4 0.89411885 1
1 51 0 0.8458745 0
1 51 1 0.82760364 0
1 51 2 0.81858784 0
1 51 3 0.8001966 0
1 51 4 0.66954964 0
1 52 0 0.60816646 0
1 52 1 0.5955587 0
1 52 2 0.57135713 0
1 52 3 0.5354423 0
1 52 4 0.37107587 0
1 53 0 0.7265844 0
1 53 1 0.7071575 0
1 53 2 0.6437391 0
1 53 3 0.5955595 0
1 53 4 0.51599085 0
1 54 0 0.9986155 1
1 54 1 0.99832493 1
1 54 2 0.99683523 1
1 54 3 0.99219877 1
1 54 4 0.967705 1
1 56 0 0.9207936 1
1 56 1 0.91085047 1
1 56 2 0.8712426 1
1 56 3 0.7498997 1
1 56 4 0.52555436 0
1 57 0 0.998514 1
1 57 1 0.99775285 1
1 57 2 0.9944936 1
1 57 3 0.9873017 1
1 57 4 0.9532441 1
1 58 0 0.995005 1
1 58 1 0.98729765 1
1 58 2 0.9694995 1
1 58 3 0.9329346 1
1 58 4 0.8046879 1
1 59 0 0.8738591 0
1 59 1 0.844514 0
1 59 2 0.819501 0
1 59 3 0.7718141 0
1 59 4 0.6243214 0
1 60 0 0.9899182 1
1 60 1 0.9851106 1
1 60 2 0.9613086 1
1 60 3 0.90078807 1
1 60 4 0.6883275 1
1 61 0 0.5880487 0
1 61 1 0.5661982 0
1 61 2 0.616122 0
1 61 3 0.5229082 0
1 61 4 0.46763608 0
1 62 0 0.9997948 1
1 62 1 0.99914545 1
1 62 2 0.9963347 1
1 62 3 0.99052906 1
1 62 4 0.9789731 1
1 63 0 0.9987468 1
1 63 1 0.99685186 1
1 63 2 0.9918877 1
1 63 3 0.97992146 1
1 63 4 0.92204666 1
1 64 0 0.9474136 1
1 64 1 0.92486596 1
1 64 2 0.88846296 1
1 64 3 0.8284375 1
1 64 4 0.7315472 0
1 65 0 0.9763223 1
1 65 1 0.9705424 1
1 65 2 0.9517763 1
1 65 3 0.91085637 1
1 65 4 0.7465278 1
1 66 0 0.9690252 1
1 66 1 0.9571293 1
1 66 2 0.93336993 1
1 66 3 0.8753936 1
1 66 4 0.6861481 0
1 67 0 0.99924964 1
1 67 1 0.99449056 1
1 67 2 0.9893845 1
1 67 3 0.9582302 1
1 67 4 0.82474667 1
1 68 0 0.9227376 1
1 68 1 0.9675036 1
1 68 2 0.9394603 1
1 68 3 0.90901875 1
1 68 4 0.7217061 1
1 69 0 0.993196 1
1 69 1 0.9842219 1
1 69 2 0.9654723 1
1 69 3 0.91752905 1
1 69 4 0.75265294 1
1 70 0 0.37359956 1
1 70 1 0.3652378 1
1 70 2 0.3970494 0
1 70 3 0.46907508 0
1 70 4 0.38993546 0
1 71 0 0.55435586 0
1 71 1 0.52968633 0
1 71 2 0.5104596 0
1 71 3 0.5182382 0
1 71 4 0.4698019 0
1 72 0 0.8449961 0
1 72 1 0.8253245 0
1 72 2 0.80621475 0
1 72 3 0.77410585 0
1 72 4 0.6695575 0
1 73 0 0.99209625 1
1 73 1 0.9834831 1
1 73 2 0.9533862 1
1 73 3 0.8832228 1
1 73 4 0.6580616 1
1 74 0 0.9969414 1
1 74 1 0.9943838 1
1 74 2 0.9884159 1
1 74 3 0.9694824 1
1 74 4 0.89213824 1
1 75 0 0.9872557 1
1 75 1 0.98099923 1
1 75 2 0.95506394 1
1 75 3 0.9045043 1
1 75 4 0.7457607 0
1 76 0 0.99847114 1
1 76 1 0.9979962 1
1 76 2 0.99645716 1
1 76 3 0.9906567 1
1 76 4 0.9646584 1
1 78 0 0.9971362 1
1 78 1 0.996863 1
1 78 2 0.9948409 1
1 78 3 0.986552 1
1 78 4 0.93822056 1
1 79 0 0.9747184 1
1 79 1 0.9644189 1
1 79 2 0.91823304 1
1 79 3 0.83214587 1
1 79 4 0.59075344 0
1 80 0 0.5817978 0
1 80 1 0.5936337 0
1 80 2 0.58042836 0
1 80 3 0.53726697 0
1 80 4 0.5319659 0
1 81 0 0.80760807 0
1 81 1 0.8049675 0
1 81 2 0.7650086 0
1 81 3 0.7360576 0
1 81 4 0.66853404 0
1 82 0 0.9988057 1
1 82 1 0.99726516 1
1 82 2 0.99375665 1
1 82 3 0.98447317 1
1 82 4 0.94142735 1
1 83 0 0.9913647 1
1 83 1 0.98686343 1
1 83 2 0.97152483 1
1 83 3 0.93506306 1
1 83 4 0.77381873 1
1 84 0 0.8416716 0
1 84 1 0.7822954 0
1 84 2 0.79262185 0
1 84 3 0.7818422 0
1 84 4 0.7515841 0
1 85 0 0.9994145 1
1 85 1 0.9990605 1
1 85 2 0.99798924 1
1 85 3 0.995024 1
1 85 4 0.9795096 1
1 86 0 0.7992762 0
1 86 1 0.8008635 0
1 86 2 0.79945683 0
1 86 3 0.7748225 0
1 86 4 0.7122849 0
1 87 0 0.9978904 1
1 87 1 0.97576535 1
1 87 2 0.9934304 1
1 87 3 0.84952736 1
1 87 4 0.7138478 1
1 88 0 0.9973594 1
1 88 1 0.99738044 1
1 88 2 0.9954915 1
1 88 3 0.99064636 1
1 88 4 0.96335286 1
1 89 0 0.9523048 1
1 89 1 0.93978894 1
1 89 2 0.897214 1
1 89 3 0.8047556 1
1 89 4 0.58760166 1
1 90 0 0.7639637 0
1 90 1 0.7541328 0
1 90 2 0.80019736 0
1 90 3 0.7300521 0
1 90 4 0.7246823 0
1 91 0 0.5813545 0
1 91 1 0.56972027 0
1 91 2 0.53055024 0
1 91 3 0.7024361 0
1 91 4 0.4693954 0
1 92 0 0.99331045 1
1 92 1 0.9828005 1
1 92 2 0.9676448 1
1 92 3 0.94677645 1
1 92 4 0.8794375 0
1 93 0 0.99336964 1
1 93 1 0.98977184 1
1 93 2 0.9694743 1
1 93 3 0.93322533 1
1 93 4 0.78687173 1
1 94 0 0.62137026 0
1 94 1 0.6005567 0
1 94 2 0.60770166 0
1 94 3 0.6234758 0
1 94 4 0.5378061 0
1 95 0 0.7256831 0
1 95 1 0.6907915 0
1 95 2 0.6282618 0
1 95 3 0.60899097 0
1 95 4 0.53161323 0
1 96 0 0.9933828 1
1 96 1 0.9900069 1
1 96 2 0.972949 1
1 96 3 0.9338548 1
1 96 4 0.7828028 1
1 97 0 0.9344245 1
1 97 1 0.90958065 1
1 97 2 0.856954 1
1 97 3 0.76973027 0
1 97 4 0.62581927 0
1 98 0 0.7428816 0
1 98 1 0.7847436 0
1 98 2 0.747757 0
1 98 3 0.6776365 0
1 98 4 0.5802134 0
1 99 0 0.99516535 1
1 99 1 0.9903117 1
1 99 2 0.97280174 1
1 99 3 0.9408305 1
1 99 4 0.8142656 1
1 100 0 0.9689126 1
1 100 1 0.95471036 1
1 100 2 0.9145604 1
1 100 3 0.83951944 1
1 100 4 0.83009064 0
1 101 0 0.7564824 0
1 101 1 0.75602126 0
1 101 2 0.7269916 0
1 101 3 0.7158401 0
1 101 4 0.58713925 0
1 102 0 0.8317453 0
1 102 1 0.8299996 0
1 102 2 0.81505436 0
1 102 3 0.81593937 0
1 102 4 0.70266896 0
1 103 0 0.8486369 0
1 103 1 0.8634965 0
1 103 2 0.8421865 0
1 103 3 0.81981623 0
1 103 4 0.7403707 0
1 104 0 0.80881125 0
1 104 1 0.85122 0
1 104 2 0.81205535 0
1 104 3 0.82025635 0
1 104 4 0.76878244 0
1 105 0 0.55876327 0
1 105 1 0.5373974 0
1 105 2 0.5493342 0
1 105 3 0.4876677 0
1 105 4 0.4457723 0
1 106 0 0.8510512 0
1 106 1 0.8622312 0
1 106 2 0.84338135 0
1 106 3 0.83427745 0
1 106 4 0.7839687 0
1 107 0 0.9978846 1
1 107 1 0.9899689 1
1 107 2 0.99779767 1
1 107 3 0.99410987 1
1 107 4 0.9365107 1
1 108 0 0.84956324 0
1 108 1 0.8480002 0
1 108 2 0.84537035 0
1 108 3 0.8167919 0
1 108 4 0.75945026 0
1 109 0 0.76873714 0
1 109 1 0.7887199 0
1 109 2 0.7818577 0
1 109 3 0.71075416 0
1 109 4 0.65506613 0
1 110 0 0.9995641 1
1 110 1 0.9990512 1
1 110 2 0.99702936 1
1 110 3 0.99111384 1
1 110 4 0.9689119 1
1 111 0 0.98444825 1
1 111 1 0.9692227 1
1 111 2 0.9060163 1
1 111 3 0.817182 1
1 111 4 0.5227174 0
1 112 0 0.7342916 0
1 112 1 0.71131676 0
1 112 2 0.72523594 0
1 112 3 0.67557615 0
1 112 4 0.60059655 0
1 113 0 0.8026205 0
1 113 1 0.7939937 0
1 113 2 0.7888025 0
1 113 3 0.7542849 0
1 113 4 0.68389726 0
1 114 0 0.817581 0
1 114 1 0.81231636 0
1 114 2 0.79855525 0
1 114 3 0.76735103 0
1 114 4 0.78379047 0
1 115 0 0.82868594 0
1 115 1 0.8155879 0
1 115 2 0.8066164 0
1 115 3 0.8061128 0
1 115 4 0.74186283 0
1 116 0 0.9766579 1
1 116 1 0.9666915 1
1 116 2 0.9451115 1
1 116 3 0.9031257 1
1 116 4 0.7363133 1
1 117 0 0.74350584 0
1 117 1 0.74287564 0
1 117 2 0.7669399 0
1 117 3 0.73719037 0
1 117 4 0.6607244 0
1 118 0 0.99940515 1
1 118 1 0.99896604 1
1 118 2 0.997103 1
1 118 3 0.99277216 1
1 118 4 0.97306156 1
1 119 0 0.9961456 1
1 119 1 0.99053895 1
1 119 2 0.9867318 1
1 119 3 0.9653932 1
1 119 4 0.84805363 1
1 120 0 0.99441195 1
1 120 1 0.99329996 1
1 120 2 0.983846 1
1 120 3 0.9376595 1
1 120 4 0.8432877 1
1 121 0 0.9390898 1
1 121 1 0.9310421 1
1 121 2 0.89536875 1
1 121 3 0.8264654 1
1 121 4 0.76370233 0
1 122 0 0.61975855 0
1 122 1 0.6773323 0
1 122 2 0.6619135 0
1 122 3 0.59943664 0
1 122 4 0.5939423 0
1 123 0 0.99916285 1
1 123 1 0.9982663 1
1 123 2 0.9945773 1
1 123 3 0.98588234 1
1 123 4 0.9518313 1
1 124 0 0.998747 1
1 124 1 0.99764204 1
1 124 2 0.99492717 1
1 124 3 0.9874312 1
1 124 4 0.959284 1
1 125 0 0.8924213 0
1 125 1 0.8911237 0
1 125 2 0.8604751 0
1 125 3 0.79651314 0
1 125 4 0.7934725 0
1 126 0 0.970482 1
1 126 1 0.9538273 1
1 126 2 0.9184327 1
1 126 3 0.82853436 1
1 126 4 0.55794936 1
1 127 0 0.91263837 1
1 127 1 0.9076975 1
1 127 2 0.9227948 0
1 127 3 0.90874445 0
1 127 4 0.8576987 0
1 128 0 0.9655782 1
1 128 1 0.9413252 1
1 128 2 0.8921145 1
1 128 3 0.84639853 0
1 128 4 0.73921746 0
1 129 0 0.9880286 1
1 129 1 0.9822286 1
1 129 2 0.96275544 1
1 129 3 0.9176042 1
1 129 4 0.75443095 1
1 130 0 0.948486 1
1 130 1 0.94786984 1
1 130 2 0.9440809 1
1 130 3 0.9244238 1
1 130 4 0.88040423 0
1 131 0 0.97301364 1
1 131 1 0.96470344 1
1 131 2 0.93587095 1
1 131 3 0.87644786 1
1 131 4 0.6937569 0
1 132 0 0.8708127 0
1 132 1 0.85837895 0
1 132 2 0.8350371 0
1 132 3 0.8141738 0
1 132 4 0.8071222 0
1 133 0 0.91120994 0
1 133 1 0.82637143 0
1 133 2 0.8672889 0
1 133 3 0.7980235 0
1 133 4 0.7054441 0
1 134 0 0.9919787 1
1 134 1 0.9827358 1
1 134 2 0.9580827 1
1 134 3 0.90925545 1
1 134 4 0.7333932 1
1 135 0 0.93842965 1
1 135 1 0.9602876 1
1 135 2 0.9751513 1
1 135 3 0.95251185 1
1 135 4 0.8947553 1
1 136 0 0.00010967682 0
1 136 1 0.00012472794 0
1 136 2 9.954335e-05 0
1 136 3 0.00012701807 0
1 136 4 6.5949265e-05 0
1 137 0 0.68037266 0
1 137 1 0.6772509 0
1 137 2 0.64399815 0
1 137 3 0.5564525 0
1 137 4 0.475157 0
1 138 0 0.9957769 1
1 138 1 0.9936802 1
1 138 2 0.98908126 1
1 138 3 0.9761869 1
1 138 4 0.91377276 1
1 139 0 0.9991058 1
1 139 1 0.9961283 1
1 139 2 0.996385 1
1 139 3 0.989501 1
1 139 4 0.96008366 1
1 140 0 0.999647 1
1 140 1 0.99935776 1
1 140 2 0.99818796 1
1 140 3 0.9954803 1
1 140 4 0.9818384 1
1 141 0 0.99267983 1
1 141 1 0.9922805 1
1 141 2 0.98171127 1
1 141 3 0.9581128 1
1 141 4 0.8499668 1
1 142 0 0.70294553 0
1 142 1 0.70732695 0
1 142 2 0.63939553 0
1 142 3 0.6175643 0
1 142 4 0.5868304 0
1 143 0 0.66369385 0
1 143 1 0.73257416 0
1 143 2 0.6909862 0
1 143 3 0.6912432 0
1 143 4 0.57097095 0
1 144 0 0.8952691 0
1 144 1 0.87784475 0
1 144 2 0.8898861 0
1 144 3 0.86355877 0
1 144 4 0.80616385 0
1 145 0 0.99788064 1
1 145 1 0.9974458 1
1 145 2 0.9913429 1
1 145 3 0.97554976 1
1 145 4 0.91882133 1
1 146 0 0.818007 0
1 146 1 0.8079574 0
1 146 2 0.8191015 0
1 146 3 0.8358851 0
1 146 4 0.74901617 0
1 147 0 0.99772704 1
1 147 1 0.9939509 1
1 147 2 0.9768715 1
1 147 3 0.9383187 1
1 147 4 0.8226551 1
1 148 0 0.99532187 1
1 148 1 0.9979922 1
1 148 2 0.98982465 1
1 148 3 0.9870839 1
1 148 4 0.95171005 1
1 149 0 0.8174512 0
1 149 1 0.8098687 0
1 149 2 0.7672525 0
1 149 3 0.72011536 0
1 149 4 0.67272794 0
1 150 0 0.77538925 0
1 150 1 0.7702202 0
1 150 2 0.7840651 0
1 150 3 0.7311888 0
1 150 4 0.6717779 0
1 151 0 0.9919637 1
1 151 1 0.98972243 1
1 151 2 0.97259307 1
1 151 3 0.93735886 1
1 151 4 0.8121477 1
1 152 0 0.6939667 0
1 152 1 0.78655094 0
1 152 2 0.763991 0
1 152 3 0.73038936 0
1 152 4 0.67091596 0
1 153 0 0.6599705 0
1 153 1 0.66393036 0
1 153 2 0.65349483 0
1 153 3 0.6293104 0
1 153 4 0.6270942 0
1 154 0 0.9924667 1
1 154 1 0.9887107 1
1 154 2 0.9754215 1
1 154 3 0.9484295 1
1 154 4 0.8587226 1
1 155 0 0.9154033 0
1 155 1 0.9194128 0
1 155 2 0.92020833 0
1 155 3 0.8934487 0
1 155 4 0.82564545 0
1 156 0 0.9956933 1
1 156 1 0.9958419 1
1 156 2 0.9914157 1
1 156 3 0.9783941 1
1 156 4 0.9237344 1
1 157 0 0.9930954 1
1 157 1 0.98333347 1
1 157 2 0.9679893 1
1 157 3 0.93444294 1
1 157 4 0.82874495 1
1 158 0 0.8854719 0
1 158 1 0.8851032 0
1 158 2 0.8550881 0
1 158 3 0.84120905 0
1 158 4 0.8308921 0
1 159 0 0.9936361 1
1 159 1 0.98828477 1
1 159 2 0.9733661 1
1 159 3 0.94754374 1
1 159 4 0.8607455 1
1 160 0 0.99010825 1
1 160 1 0.9816899 1
1 160 2 0.95944154 1
1 160 3 0.9186826 1
1 160 4 0.81298804 0
1 161 0 0.9905087 1
1 161 1 0.9889471 1
1 161 2 0.9817487 1
1 161 3 0.9667806 1
1 161 4 0.90274596 1
1 162 0 0.8345668 0
1 162 1 0.8344375 0
1 162 2 0.827159 0
1 162 3 0.79013443 0
1 162 4 0.684477 0
1 163 0 0.7996363 0
1 163 1 0.7798289 0
1 163 2 0.7397139 0
1 163 3 0.7243978 0
1 163 4 0.6787557 0
1 164 0 0.82317454 0
1 164 1 0.8235727 0
1 164 2 0.82486135 0
1 164 3 0.7792829 0
1 164 4 0.7704348 0
1 165 0 0.96507984 1
1 165 1 0.9659546 1
1 165 2 0.95125467 1
1 165 3 0.9307807 1
1 165 4 0.85410637 1
1 166 0 0.9967146 1
1 166 1 0.9975508 1
1 166 2 0.988668 1
1 166 3 0.98732346 1
1 166 4 0.95672154 1
1 167 0 0.6952031 1
1 167 1 0.66444534 1
1 167 2 0.5853096 1
1 167 3 0.47026655 1
1 167 4 0.5029823 0
1 168 0 0.8868523 0
1 168 1 0.9017749 0
1 168 2 0.8793668 0
1 168 3 0.86613274 0
1 168 4 0.8371977 0
1 169 0 0.9944224 1
1 169 1 0.9911666 1
1 169 2 0.9777989 1
1 169 3 0.95412236 1
1 169 4 0.8469646 1
1 170 0 0.8911511 0
1 170 1 0.8826169 0
1 170 2 0.86270916 0
1 170 3 0.8478327 0
1 170 4 0.79160726 0
1 171 0 0.7656179 0
1 171 1 0.7746823 0
1 171 2 0.7808824 0
1 171 3 0.7518257 0
1 171 4 0.6299136 0
1 172 0 0.9039214 0
1 172 1 0.90372306 0
1 172 2 0.8869212 0
1 172 3 0.87197465 0
1 172 4 0.8381094 0
1 179 0 0.5634093 1
1 179 1 0.5654519 1
1 179 2 0.54997265 1
1 179 3 0.62309986 0
1 179 4 0.6648842 0
1 198 0 0.8053612 0
1 198 1 0.81169164 0
1 198 2 0.7713597 0
1 198 3 0.6836552 0
1 198 4 0.63032115 0
1 202 0 0.8813443 0
1 202 1 0.8733448 0
1 202 2 0.8975419 0
1 202 3 0.8625628 0
1 202 4 0.78638136 0
1 241 0 0.6783626 0
1 241 1 0.66876996 0
1 241 2 0.63815445 0
1 241 3 0.7315461 0
1 241 4 0.6046796 0
1 242 0 0.8723047 0
1 242 1 0.85664546 0
1 242 2 0.81158304 0
1 242 3 0.7995835 0
1 242 4 0.7229418 0
1 296 0 0.6243387 1
1 296 1 0.6225755 1
1 296 2 0.7402216 0
1 296 3 0.70456344 0
1 296 4 0.6352137 0
1 391 0 0.34013033 1
1 391 1 0.3369157 1
1 391 2 0.33021262 1
1 391 3 0.3088876 1
1 391 4 0.22425084 1
1 519 0 0.8806484 0
1 519 1 0.87973106 0
1 519 2 0.87229997 0
1 519 3 0.85457945 0
1 519 4 0.80963534 0
1 650 0 0.9207523 0
1 650 1 0.92810935 0
1 650 2 0.90953183 0
1 650 3 0.877968 0
1 650 4 0.82247734 0
1 2751 0 0.17730641 0
1 2751 1 0.24409293 0
1 2751 2 0.5639905 0
1 2751 3 0.6654888 0
1 2751 4 0.66582566 0
2 22 0 0.99810755 1
2 22 1 0.99591166 1
2 22 2 0.98657805 1
2 22 3 0.96343327 1
2 22 4 0.8617384 1
2 23 0 0.9922482 1
2 23 1 0.980529 1
2 23 2 0.9429483 1
2 23 3 0.863461 1
2 23 4 0.6078063 1
2 24 0 0.9996713 1
2 24 1 0.99943423 1
2 24 2 0.9981377 1
2 24 3 0.9933334 1
2 24 4 0.97811496 1
2 25 0 0.4637607 0
2 25 1 0.5048587 0
2 25 2 0.45723364 0
2 25 3 0.423042 0
2 25 4 0.32127336 0
2 27 0 0.99574125 1
2 27 1 0.9902141 1
2 27 2 0.96995676 1
2 27 3 0.9219974 1
2 27 4 0.73475873 1
2 28 0 0.6832995 1
2 28 1 0.7404081 1
2 28 2 0.6791159 1
2 28 3 0.5711634 1
2 28 4 0.2222704 1
2 29 0 0.9993528 1
2 29 1 0.99828094 1
2 29 2 0.994734 1
2 29 3 0.98506457 1
2 29 4 0.9442935 1
2 31 0 0.36898738 0
2 31 1 0.43197477 0
2 31 2 0.36792862 0
2 31 3 0.36197108 0
2 31 4 0.31525326 0
2 32 0 0.99929947 1
2 32 1 0.9961459 1
2 32 2 0.9920209 1
2 32 3 0.98396224 1
2 32 4 0.9396095 1
2 33 0 0.9962908 1
2 33 1 0.9900497 1
2 33 2 0.9791784 1
2 33 3 0.9480234 1
2 33 4 0.8114983 1
2 34 0 0.995127 1
2 34 1 0.990352 1
2 34 2 0.97525716 1
2 34 3 0.93899715 1
2 34 4 0.7891407 1
2 35 0 0.94437027 1
2 35 1 0.91692597 1
2 35 2 0.8377191 1
2 35 3 0.7018315 1
2 35 4 0.5396985 0
2 36 0 0.65410256 0
2 36 1 0.6459456 0
2 36 2 0.56646985 0
2 36 3 0.6056608 0
2 36 4 0.3823443 0
2 38 0 0.6700067 0
2 38 1 0.67828125 0
2 38 2 0.66260207 0
2 38 3 0.6289917 0
2 38 4 0.5901486 0
2 40 0 0.9956962 1
2 40 1 0.991528 1
2 40 2 0.97711116 1
2 40 3 0.9410938 1
2 40 4 0.8046356 1
2 41 0 0.9990231 1
2 41 1 0.9989031 1
2 41 2 0.9956594 1
2 41 3 0.9889522 1
2 41 4 0.95489895 1
2 42 0 0.99747604 1
2 42 1 0.9932573 1
2 42 2 0.97973 1
2 42 3 0.9474121 1
2 42 4 0.81756455 1
2 43 0 0.94109344 1
2 43 1 0.9217831 1
2 43 2 0.8774744 1
2 43 3 0.7889208 1
2 43 4 0.7160058 0
2 44 0 0.99255323 1
2 44 1 0.9828527 1
2 44 2 0.95234114 1
2 44 3 0.88991404 1
2 44 4 0.70462793 1
2 46 0 0.958521 1
2 46 1 0.92881066 1
2 46 2 0.846577 1
2 46 3 0.686447 1
2 46 4 0.39400205 1
2 47 0 0.94532955 1
2 47 1 0.93847 1
2 47 2 0.911477 1
2 47 3 0.84762955 1
2 47 4 0.7478872 0
2 48 0 0.32305416 0
2 48 1 0.3003658 0
2 48 2 0.5284051 0
2 48 3 0.3785416 0
2 48 4 0.2643281 0
2 49 0 0.9418927 1
2 49 1 0.9256584 1
2 49 2 0.87323034 1
2 49 3 0.7553692 1
2 49 4 0.44196326 1
2 50 0 0.9966944 1
2 50 1 0.993705 1
2 50 2 0.98278457 1
2 50 3 0.95872045 1
2 50 4 0.85167754 1
2 51 0 0.9988061 1
2 51 1 0.998092 1
2 51 2 0.99388504 1
2 51 3 0.9833775 1
2 51 4 0.93634135 1
2 52 0 0.99851304 1
2 52 1 0.9970116 1
2 52 2 0.9890041 1
2 52 3 0.970881 1
2 52 4 0.89019966 1
2 54 0 0.58978873 0
2 54 1 0.56227607 0
2 54 2 0.48957416 0
2 54 3 0.50588864 0
2 54 4 0.48658398 0
2 55 0 0.9995425 1
2 55 1 0.99934864 1
2 55 2 0.99810153 1
2 55 3 0.9954905 1
2 55 4 0.9582228 1
2 56 0 0.99880135 1
2 56 1 0.9964885 1
2 56 2 0.99369943 1
2 56 3 0.98408884 1
2 56 4 0.9408291 1
2 57 0 0.7530663 1
2 57 1 0.7252191 1
2 57 2 0.63867104 1
2 57 3 0.83225137 0
2 57 4 0.56811357 0
2 58 0 0.98129874 1
2 58 1 0.97783667 1
2 58 2 0.95358354 1
2 58 3 0.9004594 1
2 58 4 0.70231175 1
2 59 0 0.9984332 1
2 59 1 0.9973091 1
2 59 2 0.9933076 1
2 59 3 0.97741395 1
2 59 4 0.9025986 1
2 60 0 0.99320406 1
2 60 1 0.9888478 1
2 60 2 0.9768097 1
2 60 3 0.9448488 1
2 60 4 0.8017856 1
2 61 0 0.8902 1
2 61 1 0.86607826 1
2 61 2 0.79103106 1
2 61 3 0.6494226 1
2 61 4 0.67195314 0
2 62 0 0.99647635 1
2 62 1 0.9948127 1
2 62 2 0.9869601 1
2 62 3 0.9629908 1
2 62 4 0.8744667 1
2 63 0 0.9995331 1
2 63 1 0.9985329 1
2 63 2 0.9958137 1
2 63 3 0.9907369 1
2 63 4 0.9654186 1
2 64 0 0.9987463 1
2 64 1 0.99649405 1
2 64 2 0.9926413 1
2 64 3 0.9861794 1
2 64 4 0.9464521 1
2 65 0 0.9869022 1
2 65 1 0.98364276 1
2 65 2 0.97931194 1
2 65 3 0.9680836 1
2 65 4 0.886261 1
2 66 0 0.7382767 0
2 66 1 0.72783965 0
2 66 2 0.6535473 0
2 66 3 0.60622233 0
2 66 4 0.5072814 0
2 67 0 0.9965256 1
2 67 1 0.99503994 1
2 67 2 0.9876129 1
2 67 3 0.9613422 1
2 67 4 0.86851144 1
2 68 0 0.99670357 1
2 68 1 0.9974179 1
2 68 2 0.99322754 1
2 68 3 0.98867935 1
2 68 4 0.9590819 1
2 69 0 0.99529153 1
2 69 1 0.9942144 1
2 69 2 0.98488045 1
2 69 3 0.9681699 1
2 69 4 0.89877045 1
2 70 0 0.9982604 1
2 70 1 0.99743533 1
2 70 2 0.9927872 1
2 70 3 0.97909236 1
2 70 4 0.92514926 1
2 71 0 0.9989875 1
2 71 1 0.9981943 1
2 71 2 0.9961132 1
2 71 3 0.9895722 1
2 71 4 0.9605007 1
2 72 0 0.6292813 0
2 72 1 0.61687404 0
2 72 2 0.5346464 0
2 72 3 0.5366698 0
2 72 4 0.4615835 0
2 73 0 0.9975923 1
2 73 1 0.9955132 1
2 73 2 0.98699844 1
2 73 3 0.96602374 1
2 73 4 0.88011646 1
2 74 0 0.8879111 1
2 74 1 0.86066544 1
2 74 2 0.7816746 1
2 74 3 0.67220765 0
2 74 4 0.54231215 0
2 75 0 6.021678e-06 1
2 75 1 2.3275093e-23 1
2 75 2 5.680552e-12 1
2 75 3 0.0013816624 1
2 75 4 6.8879785e-22 1
2 76 0 0.9996474 1
2 76 1 0.99954146 1
2 76 2 0.9988085 1
2 76 3 0.9967398 1
2 76 4 0.9881737 1
2 77 0 0.687281 0
2 77 1 0.6253219 0
2 77 2 0.6563461 0
2 77 3 0.64181435 0
2 77 4 0.42763802 0
2 78 0 0.99961257 1
2 78 1 0.99925554 1
2 78 2 0.99738955 1
2 78 3 0.9932365 1
2 78 4 0.97368944 1
2 79 0 0.8896609 0
2 79 1 0.88127625 0
2 79 2 0.86410654 0
2 79 3 0.8446711 0
2 79 4 0.78078926 0
2 80 0 0.9829959 1
2 80 1 0.9762625 1
2 80 2 0.9575105 1
2 80 3 0.9103396 1
2 80 4 0.7354435 1
2 81 0 0.7570325 0
2 81 1 0.7368265 0
2 81 2 0.6773282 0
2 81 3 0.5574827 0
2 81 4 0.4616441 0
2 82 0 0.923734 1
2 82 1 0.89749414 1
2 82 2 0.83594507 1
2 82 3 0.71856564 1
2 82 4 0.6142852 0
2 83 0 0.9995519 1
2 83 1 0.999052 1
2 83 2 0.9972557 1
2 83 3 0.99276936 1
2 83 4 0.9704828 1
2 84 0 0.75574005 0
2 84 1 0.79471546 0
2 84 2 0.7588035 0
2 84 3 0.69969547 0
2 84 4 0.6365331 0
2 85 0 0.99922293 1
2 85 1 0.99818546 1
2 85 2 0.9939804 1
2 85 3 0.985905 1
2 85 4 0.9503962 1
2 86 0 0.9878679 1
2 86 1 0.98523396 1
2 86 2 0.96646523 1
2 86 3 0.9195834 1
2 86 4 0.70772934 1
2 87 0 0.9999315 1
2 87 1 0.9993545 1
2 87 2 0.9995425 1
2 87 3 0.9984167 1
2 87 4 0.991721 1
2 88 0 0.41319448 1
2 88 1 0.41338512 1
2 88 2 0.71365976 0
2 88 3 0.5836327 0
2 88 4 0.4709347 0
2 89 0 0.9980179 1
2 89 1 0.99804455 1
2 89 2 0.99538827 1
2 89 3 0.98862964 1
2 89 4 0.96091336 1
2 90 0 0.9948006 1
2 90 1 0.98785084 1
2 90 2 0.96599424 1
2 90 3 0.931819 1
2 90 4 0.8074584 1
2 91 0 0.99821156 1
2 91 1 0.9956962 1
2 91 2 0.98857546 1
2 91 3 0.9682505 1
2 91 4 0.8878432 1
2 92 0 0.6010635 0
2 92 1 0.5944299 0
2 92 2 0.61806256 0
2 92 3 0.53353566 0
2 92 4 0.3588477 0
2 93 0 0.99859214 1
2 93 1 0.99779415 1
2 93 2 0.9950844 1
2 93 3 0.9867912 1
2 93 4 0.95793825 1
2 94 0 0.99903053 1
2 94 1 0.9977098 1
2 94 2 0.9924568 1
2 94 3 0.98197746 1
2 94 4 0.95261085 1
2 95 0 0.9992492 1
2 95 1 0.9986804 1
2 95 2 0.9968935 1
2 95 3 0.9919649 1
2 95 4 0.9691126 1
2 96 0 0.84902537 0
2 96 1 0.8427784 0
2 96 2 0.8106826 0
2 96 3 0.7400113 0
2 96 4 0.66293466 0
2 97 0 0.8741002 0
2 97 1 0.8690805 0
2 97 2 0.850093 0
2 97 3 0.81547445 0
2 97 4 0.7500606 0
2 98 0 0.99343 1
2 98 1 0.98997587 1
2 98 2 0.97788817 1
2 98 3 0.95239824 1
2 98 4 0.84175736 1
2 99 0 0.9574208 1
2 99 1 0.9422244 1
2 99 2 0.90685326 1
2 99 3 0.8343533 1
2 99 4 0.70391935 0
2 100 0 0.9972191 1
2 100 1 0.9926735 1
2 100 2 0.98588234 1
2 100 3 0.9662362 1
2 100 4 0.88843066 1
2 101 0 0.99748 1
2 101 1 0.9952151 1
2 101 2 0.9870216 1
2 101 3 0.9665591 1
2 101 4 0.8849543 1
2 102 0 0.9996676 1
2 102 1 0.99912184 1
2 102 2 0.998591 1
2 102 3 0.99386144 1
2 102 4 0.97651285 1
2 103 0 0.89839345 1
2 103 1 0.8865175 1
2 103 2 0.8461593 1
2 103 3 0.7617953 1
2 103 4 0.56379914 1
2 104 0 0.88995016 0
2 104 1 0.89914536 0
2 104 2 0.8458978 0
2 104 3 0.78205866 0
2 104 4 0.89899886 0
2 105 0 0.998228 1
2 105 1 0.9961541 1
2 105 2 0.9890507 1
2 105 3 0.97367114 1
2 105 4 0.90473217 1
2 106 0 0.92410415 1
2 106 1 0.9101808 1
2 106 2 0.87103057 1
2 106 3 0.8144858 0
2 106 4 0.7222906 0
2 107 0 0.8228875 0
2 107 1 0.80984855 0
2 107 2 0.7904715 0
2 107 3 0.7864505 0
2 107 4 0.68240434 0
2 108 0 0.99712664 1
2 108 1 0.9952709 1
2 108 2 0.9886092 1
2 108 3 0.972293 1
2 108 4 0.90671563 1
2 109 0 0.9898026 1
2 109 1 0.98562694 1
2 109 2 0.9742909 1
2 109 3 0.9415429 1
2 109 4 0.82498604 1
2 110 0 0.9933948 1
2 110 1 0.9895343 1
2 110 2 0.98751795 1
2 110 3 0.96772045 1
2 110 4 0.88750386 1
2 111 0 0.9212658 1
2 111 1 0.9166428 1
2 111 2 0.88019407 1
2 111 3 0.80518353 1
2 111 4 0.6055807 0
2 112 0 0.43787828 1
2 112 1 0.43659076 1
2 112 2 0.4264118 1
2 112 3 0.39707962 1
2 112 4 0.29057264 1
2 113 0 0.99969655 1
2 113 1 0.9996382 1
2 113 2 0.9997178 1
2 113 3 0.9984486 1
2 113 4 0.99443936 1
2 114 0 0.8491658 0
2 114 1 0.85302746 0
2 114 2 0.81842864 0
2 114 3 0.7855351 0
2 114 4 0.72917926 0
2 115 0 0.9986847 1
2 115 1 0.9974448 1
2 115 2 0.99376714 1
2 115 3 0.9828838 1
2 115 4 0.9354522 1
2 116 0 0.8046558 0
2 116 1 0.7976075 0
2 116 2 0.8382929 0
2 116 3 0.78836066 0
2 116 4 0.7636163 0
2 117 0 0.88639784 0
2 117 1 0.8953714 0
2 117 2 0.89248717 0
2 117 3 0.88169044 0
2 117 4 0.8535192 0
2 118 0 0.8502628 0
2 118 1 0.8324707 0
2 118 2 0.8150745 0
2 118 3 0.82206976 0
2 118 4 0.81115377 0
2 119 0 0.99685276 1
2 119 1 0.98955494 1
2 119 2 0.97293687 1
2 119 3 0.95912534 1
2 119 4 0.8699353 1
2 120 0 0.9662445 1
2 120 1 0.9560763 1
2 120 2 0.9267004 1
2 120 3 0.9039247 1
2 120 4 0.77499366 1
2 121 0 0.83530366 1
2 121 1 0.82510155 1
2 121 2 0.78104305 1
2 121 3 0.7183897 1
2 121 4 0.5222272 1
2 123 0 0.9943146 1
2 123 1 0.99343306 1
2 123 2 0.98393726 1
2 123 3 0.9618118 1
2 123 4 0.8568287 1
2 124 0 0.93870944 1
2 124 1 0.9119489 1
2 124 2 0.8503244 1
2 124 3 0.78252876 0
2 124 4 0.78217983 0
2 125 0 0.7828771 1
2 125 1 0.75325257 0
2 125 2 0.86858386 0
2 125 3 0.78120285 0
2 125 4 0.66309357 0
2 126 0 0.9882529 1
2 126 1 0.9836166 1
2 126 2 0.96339583 1
2 126 3 0.91100544 1
2 126 4 0.7802912 0
2 127 0 0.9986393 1
2 127 1 0.99827546 1
2 127 2 0.9960476 1
2 127 3 0.98658454 1
2 127 4 0.9602441 1
2 128 0 0.9948006 1
2 128 1 0.99216574 1
2 128 2 0.9830405 1
2 128 3 0.9590984 1
2 128 4 0.8693755 1
2 129 0 0.9203104 0
2 129 1 0.9138573 0
2 129 2 0.89950836 0
2 129 3 0.87862325 0
2 129 4 0.8249184 0
2 130 0 0.69536746 0
2 130 1 0.69285667 0
2 130 2 0.7470877 0
2 130 3 0.6901562 0
2 130 4 0.7344824 0
2 131 0 0.837581 0
2 131 1 0.8418497 0
2 131 2 0.88271105 0
2 131 3 0.8178583 0
2 131 4 0.7591608 0
2 132 0 0.8350848 0
2 132 1 0.8285052 0
2 132 2 0.79973954 0
2 132 3 0.78338134 0
2 132 4 0.6565434 0
2 133 0 0.82630426 0
2 133 1 0.8133918 0
2 133 2 0.7888528 0
2 133 3 0.7884282 0
2 133 4 0.7524024 0
2 134 0 0.73806804 0
2 134 1 0.7343192 0
2 134 2 0.7579078 0
2 134 3 0.70554155 0
2 134 4 0.7092566 0
2 135 0 0.70865136 0
2 135 1 0.72703093 0
2 135 2 0.7174258 0
2 135 3 0.66215223 0
2 135 4 0.6552801 0
2 136 0 0.90715396 0
2 136 1 0.8971809 0
2 136 2 0.8936633 0
2 136 3 0.87767494 0
2 136 4 0.84327084 0
2 137 0 0.98226714 1
2 137 1 0.972649 1
2 137 2 0.976713 1
2 137 3 0.96246547 1
2 137 4 0.92624885 0
2 138 0 0.9961554 1
2 138 1 0.9927942 1
2 138 2 0.98768824 1
2 138 3 0.97212803 1
2 138 4 0.89988166 1
2 139 0 0.8757062 0
2 139 1 0.88328815 0
2 139 2 0.8848176 0
2 139 3 0.90653324 0
2 139 4 0.84198767 0
2 140 0 0.99441457 1
2 140 1 0.99028563 1
2 140 2 0.9843349 1
2 140 3 0.9695421 1
2 140 4 0.9076541 1
2 141 0 0.99904287 1
2 141 1 0.99857086 1
2 141 2 0.9965872 1
2 141 3 0.9923897 1
2 141 4 0.97014505 1
2 142 0 0.8601264 0
2 142 1 0.8471516 0
2 142 2 0.83597726 0
2 142 3 0.8107467 0
2 142 4 0.7650449 0
2 143 0 0.74656 0
2 143 1 0.73505735 0
2 143 2 0.7161071 0
2 143 3 0.6727178 0
2 143 4 0.697768 0
2 144 0 0.9992989 1
2 144 1 0.99864745 1
2 144 2 0.997132 1
2 144 3 0.9927825 1
2 144 4 0.9707369 1
2 145 0 0.9694856 1
2 145 1 0.9620745 1
2 145 2 0.95084816 1
2 145 3 0.916092 1
2 145 4 0.79368466 0
2 146 0 0.9660737 1
2 146 1 0.9604657 1
2 146 2 0.9281837 1
2 146 3 0.8788432 1
2 146 4 0.7978379 0
2 147 0 0.68323493 0
2 147 1 0.6795678 0
2 147 2 0.6907213 0
2 147 3 0.6589203 0
2 147 4 0.7021759 0
2 148 0 0.8317824 0
2 148 1 0.8165918 0
2 148 2 0.79461586 0
2 148 3 0.8082089 0
2 148 4 0.87326336 0
2 149 0 0.7160391 0
2 149 1 0.72114086 0
2 149 2 0.73376036 0
2 149 3 0.6742528 0
2 149 4 0.64697415 0
2 150 0 0.99808663 1
2 150 1 0.99763924 1
2 150 2 0.99547654 1
2 150 3 0.98835343 1
2 150 4 0.9549836 1
2 151 0 0.670759 1
2 151 1 0.6548777 1
2 151 2 0.7202506 0
2 151 3 0.61648583 0
2 151 4 0.5760652 0
2 152 0 0.7863475 0
2 152 1 0.79042625 0
2 152 2 0.7908877 0
2 152 3 0.81403977 0
2 152 4 0.73496944 0
2 153 0 0.99865586 1
2 153 1 0.9947709 1
2 153 2 0.9883969 1
2 153 3 0.97928494 1
2 153 4 0.9313284 1
2 154 0 0.9909527 1
2 154 1 0.9881776 1
2 154 2 0.9768325 1
2 154 3 0.9494244 1
2 154 4 0.8729666 0
2 155 0 0.6920879 0
2 155 1 0.68838257 0
2 155 2 0.69825166 0
2 155 3 0.6845293 0
2 155 4 0.70502865 0
2 156 0 0.6067091 0
2 156 1 0.6117626 0
2 156 2 0.587634 0
2 156 3 0.61523795 0
2 156 4 0.62125236 0
2 157 0 0.9582529 0
2 157 1 0.9375023 0
2 157 2 0.9128177 0
2 157 3 0.8776574 0
2 157 4 0.86170614 0
2 158 0 0.99328417 1
2 158 1 0.985288 1
2 158 2 0.97056717 1
2 158 3 0.9340028 1
2 158 4 0.82938933 0
2 159 0 0.9926343 1
2 159 1 0.9924466 1
2 159 2 0.98711145 1
2 159 3 0.981953 1
2 159 4 0.9758012 1
2 162 0 0.8307911 0
2 162 1 0.8322453 0
2 162 2 0.847085 0
2 162 3 0.8181941 0
2 162 4 0.7887545 0
2 174 0 0.9898957 1
2 174 1 0.9868162 1
2 174 2 0.9798386 1
2 174 3 0.95656216 1
2 174 4 0.86920965 1
2 191 0 0.8970601 0
2 191 1 0.89440066 0
2 191 2 0.88678014 0
2 191 3 0.8995204 0
2 191 4 0.89456886 0
2 202 0 0.8626072 0
2 202 1 0.8593355 0
2 202 2 0.84081 0
2 202 3 0.8152329 0
2 202 4 0.7741139 0
2 237 0 0.90035146 0
2 237 1 0.8675431 0
2 237 2 0.8150007 0
2 237 3 0.751998 0
2 237 4 0.66448444 0
2 480 0 0.74627846 0
2 480 1 0.83318293 0
2 480 2 0.83298904 0
2 480 3 0.8145811 0
2 480 4 0.74814355 0
2 2159 0 0.98130435 0
2 2159 1 0.9650584 0
2 2159 2 0.93682647 0
2 2159 3 0.9235581 0
2 2159 4 0.89853966 0
2 2179 0 1.0 1
2 2179 1 1.0 1
2 2179 2 1.0 1
2 2179 3 1.0 1
2 2179 4 1.0 1
3 27 1 0.9927299 1
3 27 2 0.97532654 1
3 27 3 0.9362605 1
3 28 1 0.78739434 1
3 28 2 0.6992123 1
3 28 3 0.5645673 1
3 29 1 0.9905656 1
3 29 2 0.9759832 1
3 29 3 0.93886685 1
3 30 1 0.9512525 1
3 30 2 0.87626666 1
3 30 3 0.72690773 1
3 31 1 0.99965674 1
3 31 2 0.99941695 1
3 31 3 0.99847615 1
3 32 1 0.669915 0
3 32 2 0.631783 0
3 32 3 0.56130916 0
3 33 1 0.9994177 1
3 33 2 0.998246 1
3 33 3 0.9949982 1
3 35 1 0.91339284 1
3 35 2 0.85149425 1
3 35 3 0.71503943 1
3 36 1 0.9974028 1
3 36 2 0.99315244 1
3 36 3 0.982793 1
3 37 1 0.9992989 1
3 37 2 0.99746734 1
3 37 3 0.990653 1
3 38 1 0.437464 0
3 38 2 0.4032383 0
3 38 3 0.38684782 0
3 40 1 0.5586103 1
3 40 2 0.40210548 1
3 40 3 0.34197003 0
3 41 1 0.60975695 0
3 41 2 0.5107907 0
3 41 3 0.45731592 0
3 42 1 0.99863386 1
3 42 2 0.9957007 1
3 42 3 0.98816895 1
3 43 1 0.94860786 1
3 43 2 0.88676727 1
3 43 3 0.7738403 1
3 44 1 0.9406925 1
3 44 2 0.86102927 1
3 44 3 0.69911504 1
3 45 1 0.99950886 1
3 45 2 0.99906075 1
3 45 3 0.996107 1
3 46 1 0.9960844 1
3 46 2 0.98618 1
3 46 3 0.97169983 1
3 47 1 0.9401541 1
3 47 2 0.8638346 1
3 47 3 0.7105128 1
3 48 1 0.99490196 1
3 48 2 0.990809 1
3 48 3 0.9735872 1
3 49 1 0.9987663 1
3 49 2 0.9967574 1
3 49 3 0.9927729 1
3 50 1 0.99967724 1
3 50 2 0.99902016 1
3 50 3 0.9965527 1
3 51 1 0.97771555 1
3 51 2 0.9463245 1
3 51 3 0.875463 1
3 54 1 0.9751442 1
3 54 2 0.9336437 1
3 54 3 0.83963335 1
3 55 1 0.9961249 1
3 55 2 0.9908243 1
3 55 3 0.9761063 1
3 56 1 0.96682817 1
3 56 2 0.938605 1
3 56 3 0.9149294 1
3 57 1 0.6413638 0
3 57 2 0.5950527 0
3 57 3 0.5315112 0
3 58 1 0.7894225 0
3 58 2 0.753581 0
3 58 3 0.7072947 0
3 59 1 0.98200476 1
3 59 2 0.9637211 1
3 59 3 0.91708785 1
3 60 1 0.9941694 1
3 60 2 0.9847312 1
3 60 3 0.96422523 1
3 61 1 0.9871685 1
3 61 2 0.9707 1
3 61 3 0.9367709 1
3 62 1 0.98975825 1
3 62 2 0.9744844 1
3 62 3 0.93794143 1
3 63 1 0.9891352 1
3 63 2 0.97056097 1
3 63 3 0.9251172 1
3 64 1 0.99615794 1
3 64 2 0.9893016 1
3 64 3 0.9734195 1
3 65 1 0.9951679 1
3 65 2 0.9859714 1
3 65 3 0.96377593 1
3 66 1 0.90397406 1
3 66 2 0.8408979 1
3 66 3 0.70971555 1
3 67 1 0.5665618 0
3 67 2 0.5290652 0
3 67 3 0.52506113 0
3 68 1 0.99776304 1
3 68 2 0.99300766 1
3 68 3 0.97981966 1
3 69 1 0.96575344 1
3 69 2 0.9226981 1
3 69 3 0.83985436 1
3 70 1 0.9854901 1
3 70 2 0.9699659 1
3 70 3 0.9283018 1
3 71 1 0.9948216 1
3 71 2 0.9813018 1
3 71 3 0.98162776 1
3 72 1 0.7578169 0
3 72 2 0.7042181 0
3 72 3 0.64683753 0
3 73 1 0.51575184 0
3 73 2 0.5045474 0
3 73 3 0.76003736 0
3 74 1 0.99800694 1
3 74 2 0.99369997 1
3 74 3 0.9921267 1
3 75 1 0.98069084 1
3 75 2 0.95399487 1
3 75 3 0.9033203 1
3 76 1 0.9296945 1
3 76 2 0.8902759 1
3 76 3 0.79880434 1
3 77 1 0.7096116 0
3 77 2 0.67137665 0
3 77 3 0.6518951 0
3 78 1 0.9956335 1
3 78 2 0.9868549 1
3 78 3 0.96517575 1
3 79 1 0.98586184 1
3 79 2 0.9630242 1
3 79 3 0.9167719 1
3 80 1 0.6275504 0
3 80 2 0.5875989 0
3 80 3 0.5819147 0
3 81 1 0.99432606 1
3 81 2 0.9824093 1
3 81 3 0.9567463 1
3 82 1 0.9996521 1
3 82 2 0.99816734 1
3 82 3 0.99994713 1
3 83 1 0.99687374 1
3 83 2 0.9941164 1
3 83 3 0.98553574 1
3 84 1 0.9946796 1
3 84 2 0.9932321 1
3 84 3 0.97721446 1
3 85 1 0.99203056 1
3 85 2 0.9802222 1
3 85 3 0.9532195 1
3 86 1 0.83380747 0
3 86 2 0.85315174 0
3 86 3 0.82063127 0
3 87 1 0.88552046 0
3 87 2 0.8564428 0
3 87 3 0.7940306 0
3 88 1 0.8849215 1
3 88 2 0.84625167 1
3 88 3 0.7451785 1
3 89 1 0.99160975 1
3 89 2 0.9807281 1
3 89 3 0.9536027 1
3 90 1 0.9933182 1
3 90 2 0.9842831 1
3 90 3 0.96382266 1
3 91 1 0.45583877 0
3 91 2 0.6236858 0
3 91 3 0.49719483 0
3 92 1 0.84552073 0
3 92 2 0.787125 0
3 92 3 0.693844 0
3 93 1 0.9919531 1
3 93 2 0.97367585 1
3 93 3 0.94509774 1
3 94 1 0.99541396 1
3 94 2 0.98880935 1
3 94 3 0.9745413 1
3 95 1 0.99056554 1
3 95 2 0.97782415 1
3 95 3 0.9508305 1
3 97 1 0.9976156 1
3 97 2 0.99264747 1
3 97 3 0.98384935 1
3 98 1 0.89734393 1
3 98 2 0.8521087 0
3 98 3 0.7658802 0
3 99 1 0.99987096 1
3 99 2 0.9996639 1
3 99 3 0.9952643 1
3 100 1 0.9971887 1
3 100 2 0.99489266 1
3 100 3 0.98990965 1
3 101 1 0.82557034 0
3 101 2 0.7857953 0
3 101 3 0.75676745 0
3 102 1 0.9985484 1
3 102 2 0.9964526 1
3 102 3 0.992559 1
3 103 1 0.99947965 1
3 103 2 0.9980203 1
3 103 3 0.9959624 1
3 104 1 0.9897203 1
3 104 2 0.97587705 1
3 104 3 0.9618329 1
3 105 1 0.85059416 1
3 105 2 0.8157922 1
3 105 3 0.7995598 0
3 106 1 0.92965 1
3 106 2 0.91944724 0
3 106 3 0.92143005 0
3 107 1 0.99308854 1
3 107 2 0.98517513 1
3 107 3 0.96656686 1
3 108 1 0.6344602 0
3 108 2 0.59665114 0
3 108 3 0.6067818 0
3 109 1 0.65301204 0
3 109 2 0.65397334 0
3 109 3 0.63350356 0
3 110 1 0.99240494 1
3 110 2 0.978986 1
3 110 3 0.9468577 1
3 111 1 0.9602984 1
3 111 2 0.9651341 1
3 111 3 0.9633667 1
3 112 1 0.99008936 1
3 112 2 0.98618203 1
3 112 3 0.97321236 1
3 113 1 0.9973697 1
3 113 2 0.99151355 1
3 113 3 0.97797257 1
3 114 1 0.9989208 1
3 114 2 0.9967386 1
3 114 3 0.9887451 1
3 115 1 0.96617377 1
3 115 2 0.94495857 1
3 115 3 0.91079867 1
3 116 1 0.88849777 1
3 116 2 0.8110009 1
3 116 3 0.7703088 0
3 117 1 0.994271 1
3 117 2 0.99373543 1
3 117 3 0.9858082 1
3 118 1 0.99943095 1
3 118 2 0.9984238 1
3 118 3 0.9930616 1
3 119 1 0.99945354 1
3 119 2 0.9963463 1
3 119 3 0.9937709 1
3 120 1 0.73642886 0
3 120 2 0.6677864 0
3 120 3 0.6124514 0
3 121 1 0.73099244 0
3 121 2 0.6736323 0
3 121 3 0.58826154 0
3 122 1 0.69470257 0
3 122 2 0.63385344 0
3 122 3 0.62567633 0
3 123 1 0.9506908 1
3 123 2 0.9397467 1
3 123 3 0.914513 1
3 124 1 0.99214554 1
3 124 2 0.98722786 1
3 124 3 0.94971544 1
3 125 1 0.73657346 0
3 125 2 0.73354155 0
3 125 3 0.7645428 0
3 126 1 0.99804854 1
3 126 2 0.9948704 1
3 126 3 0.98749226 1
3 127 1 0.9952411 1
3 127 2 0.98542327 1
3 127 3 0.9651565 1
3 128 1 0.992571 1
3 128 2 0.9868438 1
3 128 3 0.97161543 1
3 129 1 0.89393115 1
3 129 2 0.90106267 0
3 129 3 0.8816407 0
3 130 1 0.9995847 1
3 130 2 0.9988901 1
3 130 3 0.99765426 1
3 131 1 0.84326667 0
3 131 2 0.8436189 0
3 131 3 0.8472376 0
3 132 1 0.85297346 0
3 132 2 0.8556586 0
3 132 3 0.83822453 0
3 133 1 0.9974579 1
3 133 2 0.99308294 1
3 133 3 0.9834571 1
3 134 1 0.7786809 0
3 134 2 0.74500954 0
3 134 3 0.6499023 0
3 135 1 0.99617153 1
3 135 2 0.9910686 1
3 135 3 0.98383677 1
3 136 1 0.99495643 1
3 136 2 0.991164 1
3 136 3 0.9828904 1
3 137 1 0.9979125 1
3 137 2 0.9946241 1
3 137 3 0.9864148 1
3 138 1 0.99653924 1
3 138 2 0.9932607 1
3 138 3 0.98296434 1
3 139 1 0.9977934 1
3 139 2 0.99656206 1
3 139 3 0.9945583 1
3 140 1 0.9989767 1
3 140 2 0.99830884 1
3 140 3 0.9965767 1
3 141 1 0.9725153 1
3 141 2 0.95257455 1
3 141 3 0.9126233 1
3 142 1 0.99968946 1
3 142 2 0.99973404 1
3 142 3 0.9991609 1
3 143 1 0.64265424 0
3 143 2 0.62902737 0
3 143 3 0.5499008 0
3 144 1 0.99098957 1
3 144 2 0.9800027 1
3 144 3 0.95630497 1
3 145 1 0.81963 0
3 145 2 0.8448983 0
3 145 3 0.79326355 0
3 146 1 0.4317282 1
3 146 2 0.39566347 1
3 146 3 0.34529936 1
3 147 1 0.69966114 0
3 147 2 0.6592744 0
3 147 3 0.58168197 0
3 170 1 0.78916705 1
3 170 2 0.668427 1
3 170 3 0.56384623 1
3 176 1 0.63870627 0
3 176 2 0.618999 0
3 176 3 0.8029288 0
3 194 1 0.86308587 0
3 194 2 0.90548724 0
3 194 3 0.8658555 0
3 1247 1 0.6942578 0
3 1247 2 0.7015162 0
3 1247 3 0.711886 0
3 1551 1 0.9865335 0
3 1551 2 0.98413664 0
3 1551 3 0.9781298 0
3 2299 1 0.96047074 0
3 2299 2 0.95699316 0
3 2299 3 0.95093995 0
4 13 0 0.9978807 1
4 13 2 0.99081105 1
4 13 3 0.9760179 1
4 13 4 0.90595067 1
4 14 0 0.9994756 1
4 14 2 0.9955201 1
4 14 3 0.9822291 1
4 14 4 0.953071 1
4 15 0 0.5872443 1
4 15 2 0.46026376 1
4 15 3 0.43951124 0
4 15 4 0.3110789 0
4 17 0 0.99863696 1
4 17 2 0.98711294 1
4 17 3 0.9672662 1
4 17 4 0.8754524 1
4 18 0 0.9939734 1
4 18 2 0.97266924 1
4 18 3 0.9233935 1
4 18 4 0.7461246 1
4 19 0 0.9984068 1
4 19 2 0.9884203 1
4 19 3 0.9683804 1
4 19 4 0.8821187 1
4 20 0 0.9999918 1
4 20 2 0.9999324 1
4 20 3 0.9998156 1
4 20 4 0.99924004 1
4 22 0 0.9977095 1
4 22 2 0.990557 1
4 22 3 0.96887296 1
4 22 4 0.881835 1
4 23 0 0.54069316 0
4 23 2 0.57446223 0
4 23 3 0.5097308 0
4 23 4 0.43267167 0
4 24 0 0.99119496 1
4 24 2 0.95143604 1
4 24 3 0.8742969 1
4 24 4 0.6405328 1
4 25 0 0.9985904 1
4 25 2 0.99165994 1
4 25 3 0.9801952 1
4 25 4 0.9228455 1
4 26 0 0.6231336 0
4 26 2 0.61965936 0
4 26 3 0.5643627 0
4 26 4 0.45675936 0
4 27 0 0.70655596 1
4 27 2 0.5945824 1
4 27 3 0.5335994 0
4 27 4 0.49530676 0
4 28 0 0.43609202 0
4 28 2 0.45048776 0
4 28 3 0.4026853 0
4 28 4 0.3971461 0
4 29 0 0.9870452 1
4 29 2 0.94667876 1
4 29 3 0.8771865 1
4 29 4 0.6534616 1
4 30 0 0.9963461 1
4 30 2 0.9793509 1
4 30 3 0.94671804 1
4 30 4 0.819085 1
4 31 0 0.9316644 1
4 31 2 0.7851104 1
4 31 3 0.632388 1
4 31 4 0.44849783 0
4 32 0 0.99838907 1
4 32 2 0.9874546 1
4 32 3 0.9665381 1
4 32 4 0.88102823 1
4 33 0 0.999424 1
4 33 2 0.9960631 1
4 33 3 0.9872916 1
4 33 4 0.9476328 1
4 34 0 0.26144508 1
4 34 2 0.2693836 1
4 34 3 0.23446573 1
4 34 4 0.11238384 1
4 35 0 0.9951758 1
4 35 2 0.97738177 1
4 35 3 0.9428955 1
4 35 4 0.8098014 1
4 36 0 0.615997 0
4 36 2 0.72109187 0
4 36 3 0.6038366 0
4 36 4 0.47297102 0
4 38 0 0.87020445 0
4 38 2 0.84667164 0
4 38 3 0.812772 0
4 38 4 0.77216864 0
4 39 0 0.8003558 1
4 39 2 0.6023502 1
4 39 3 0.5702722 0
4 39 4 0.453013 0
4 40 0 0.8948626 0
4 40 2 0.8566347 0
4 40 3 0.7979448 0
4 40 4 0.69101167 0
4 41 0 0.9966208 1
4 41 2 0.9838147 1
4 41 3 0.9553934 1
4 41 4 0.8464678 1
4 42 0 0.9967888 1
4 42 2 0.98324746 1
4 42 3 0.9601365 1
4 42 4 0.86672777 1
4 43 0 0.95512086 1
4 43 2 0.8732836 1
4 43 3 0.7669171 1
4 43 4 0.57150733 0
4 44 0 0.99710405 1
4 44 2 0.9845737 1
4 44 3 0.9649944 1
4 44 4 0.87825745 1
4 45 0 0.9794602 1
4 45 2 0.95482135 1
4 45 3 0.91090924 1
4 45 4 0.7633256 0
4 46 0 0.8025554 0
4 46 2 0.7203862 0
4 46 3 0.68487656 0
4 46 4 0.6210879 0
4 47 0 0.6853422 1
4 47 2 0.6277309 1
4 47 3 0.544179 1
4 47 4 0.636536 0
4 48 0 0.99637425 1
4 48 2 0.9936149 1
4 48 3 0.9848459 1
4 48 4 0.94275063 1
4 49 0 0.80126643 0
4 49 2 0.8740749 0
4 49 3 0.7891376 0
4 49 4 0.6574462 0
4 51 0 0.9972107 1
4 51 2 0.9818341 1
4 51 3 0.96620107 1
4 51 4 0.87610894 1
4 52 0 0.9180975 1
4 52 2 0.8492171 1
4 52 3 0.742176 1
4 52 4 0.6497975 0
4 53 0 0.82543564 0
4 53 2 0.749405 0
4 53 3 0.73234636 0
4 53 4 0.7734339 0
4 54 0 0.99931735 1
4 54 2 0.9962799 1
4 54 3 0.99025244 1
4 54 4 0.961139 1
4 55 0 0.92841375 1
4 55 2 0.8165088 1
4 55 3 0.7113135 0
4 55 4 0.6217274 0
4 56 0 0.99858886 1
4 56 2 0.99128455 1
4 56 3 0.97906286 1
4 56 4 0.9316829 1
4 57 0 0.70231146 0
4 57 2 0.8307952 0
4 57 3 0.72453 0
4 57 4 0.6067735 0
4 58 0 0.99610454 1
4 58 2 0.99002147 1
4 58 3 0.95397305 1
4 58 4 0.920375 1
4 59 0 0.5681268 1
4 59 2 0.52782947 1
4 59 3 0.4657734 1
4 59 4 0.45852512 0
4 60 0 0.659717 0
4 60 2 0.6582023 0
4 60 3 0.6550397 0
4 60 4 0.6325563 0
4 61 0 0.8795306 0
4 61 2 0.898001 0
4 61 3 0.8543747 0
4 61 4 0.84892684 0
4 62 0 0.99876153 1
4 62 2 0.9952835 1
4 62 3 0.98427576 1
4 62 4 0.9417825 1
4 63 0 0.93093675 1
4 63 2 0.9034833 1
4 63 3 0.8564306 0
4 63 4 0.8142414 0
4 64 0 0.9956433 1
4 64 2 0.9845847 1
4 64 3 0.9659612 1
4 64 4 0.8845865 1
4 65 0 0.72155046 0
4 65 2 0.698959 0
4 65 3 0.7522982 0
4 65 4 0.67512167 0
4 66 0 0.63245517 0
4 66 2 0.6159997 0
4 66 3 0.63291276 0
4 66 4 0.61324483 0
4 67 0 0.6534083 0
4 67 2 0.62239414 0
4 67 3 0.5508206 0
4 67 4 0.4973701 0
4 68 0 0.98676467 1
4 68 2 0.9581605 1
4 68 3 0.92965394 1
4 68 4 0.76698995 1
4 69 0 0.9958122 1
4 69 2 0.9884604 1
4 69 3 0.973089 1
4 69 4 0.90367466 1
4 70 0 0.99904203 1
4 70 2 0.9930542 1
4 70 3 0.98173386 1
4 70 4 0.93266296 1
4 71 0 0.93884647 1
4 71 2 0.89249754 1
4 71 3 0.85176307 0
4 71 4 0.888988 0
4 72 0 0.7383274 0
4 72 2 0.7291146 0
4 72 3 0.71717316 0
4 72 4 0.65882254 0
4 73 0 0.69119275 0
4 73 2 0.59595567 0
4 73 3 0.49040073 0
4 73 4 0.40886503 0
4 74 0 0.971746 1
4 74 2 0.9373236 1
4 74 3 0.89578515 1
4 74 4 0.82535756 0
4 75 0 0.87413126 0
4 75 2 0.8415923 0
4 75 3 0.7996182 0
4 75 4 0.8332353 0
4 76 0 0.8233121 0
4 76 2 0.7961737 0
4 76 3 0.78604674 0
4 76 4 0.7057917 0
4 77 0 0.9924839 1
4 77 2 0.98812413 1
4 77 3 0.973987 1
4 77 4 0.8856648 1
4 78 0 0.77743024 0
4 78 2 0.76518786 0
4 78 3 0.726026 0
4 78 4 0.6555498 0
4 79 0 0.9980095 1
4 79 2 0.9905172 1
4 79 3 0.9806592 1
4 79 4 0.92845464 1
4 80 0 0.79788893 0
4 80 2 0.769421 0
4 80 3 0.7774624 0
4 80 4 0.66758 0
4 81 0 0.6786193 0
4 81 2 0.6689911 0
4 81 3 0.61258703 0
4 81 4 0.6061552 0
4 82 0 0.89844364 0
4 82 2 0.90794694 0
4 82 3 0.87887776 0
4 82 4 0.82763207 0
4 83 0 0.9900333 1
4 83 2 0.9829743 1
4 83 3 0.98442686 1
4 83 4 0.94326985 1
4 84 0 0.63834846 0
4 84 2 0.6408711 0
4 84 3 0.61943275 0
4 84 4 0.58305496 0
4 85 0 0.88481486 0
4 85 2 0.8834711 0
4 85 3 0.84593564 0
4 85 4 0.8063319 0
4 86 0 0.9927389 1
4 86 2 0.9937384 1
4 86 3 0.9716345 1
4 86 4 0.9024795 1
4 87 0 0.99397457 1
4 87 2 0.9905504 1
4 87 3 0.97424674 1
4 87 4 0.93190354 1
4 88 0 0.7125925 0
4 88 2 0.701922 0
4 88 3 0.68303365 0
4 88 4 0.73054105 0
4 89 0 0.8595936 0
4 89 2 0.8390485 0
4 89 3 0.8268054 0
4 89 4 0.6973231 0
4 90 0 0.98824894 1
4 90 2 0.9960788 1
4 90 3 0.97651726 1
4 90 4 0.96511763 1
4 91 0 0.7484127 0
4 91 2 0.7499815 0
4 91 3 0.70080066 0
4 91 4 0.64097565 0
4 92 0 0.8958624 1
4 92 2 0.8909769 0
4 92 3 0.8655491 0
4 92 4 0.7972247 0
4 93 0 0.7346323 0
4 93 2 0.6749757 0
4 93 3 0.76806617 0
4 93 4 0.6456635 0
4 94 0 0.79000497 0
4 94 2 0.79489654 0
4 94 3 0.7583116 0
4 94 4 0.71938074 0
4 95 0 0.8713312 0
4 95 2 0.8487745 0
4 95 3 0.8328205 0
4 95 4 0.8118031 0
4 96 0 0.9941213 1
4 96 2 0.96478736 1
4 96 3 0.9199187 1
4 96 4 0.8190014 0
4 97 0 0.9978177 1
4 97 2 0.99082595 1
4 97 3 0.9835946 1
4 97 4 0.9443149 1
4 98 0 0.9872573 1
4 98 2 0.96428835 1
4 98 3 0.93164855 1
4 98 4 0.8126022 1
4 99 0 0.8322824 0
4 99 2 0.8299045 0
4 99 3 0.84440166 0
4 99 4 0.7837892 0
4 100 0 0.60161334 1
4 100 2 0.7886899 0
4 100 3 0.7344728 0
4 100 4 0.6255699 0
4 101 0 0.99949425 1
4 101 2 0.9972713 1
4 101 3 0.99402815 1
4 101 4 0.9771974 1
4 102 0 0.7017408 0
4 102 2 0.66897184 0
4 102 3 0.67654896 0
4 102 4 0.62600344 0
4 103 0 0.7627661 0
4 103 2 0.7376338 0
4 103 3 0.6828347 0
4 103 4 0.63967824 0
4 104 0 0.9996778 1
4 104 2 0.9987512 1
4 104 3 0.9957817 1
4 104 4 0.98256004 1
4 105 0 0.94778293 1
4 105 2 0.9907673 1
4 105 3 0.99305135 1
4 105 4 0.97340566 1
4 107 0 0.9961361 1
4 107 2 0.96612084 1
4 107 3 0.91964495 1
4 107 4 0.8037005 0
4 108 0 0.9985746 1
4 108 2 0.9913928 1
4 108 3 0.9789174 1
4 108 4 0.9589374 1
4 110 0 0.82817054 0
4 110 2 0.81849796 0
4 110 3 0.793933 0
4 110 4 0.70908946 0
4 111 0 0.9750749 1
4 111 2 0.97595936 1
4 111 3 0.96043473 1
4 111 4 0.8753327 1
4 112 0 0.747475 0
4 112 2 0.6543304 0
4 112 3 0.5993659 0
4 112 4 0.5434153 0
4 113 0 0.75767154 0
4 113 2 0.7168902 0
4 113 3 0.700961 0
4 113 4 0.7081078 0
4 114 0 0.9383515 1
4 114 2 0.90477353 0
4 114 3 0.87522686 0
4 114 4 0.79804987 0
4 115 0 0.92292917 1
4 115 2 0.9083904 1
4 115 3 0.88197917 0
4 115 4 0.83251053 0
4 116 0 0.9900136 1
4 116 2 0.97751397 1
4 116 3 0.9579664 1
4 116 4 0.89174813 0
4 117 0 0.99764985 1
4 117 2 0.985391 1
4 117 3 0.9709485 1
4 117 4 0.90763 1
4 118 0 0.86085314 0
4 118 2 0.7711113 0
4 118 3 0.7594714 0
4 118 4 0.73594356 0
4 119 0 0.77874595 0
4 119 2 0.68978 0
4 119 3 0.770066 0
4 119 4 0.6290834 0
4 120 0 0.63683945 0
4 120 2 0.5769047 0
4 120 3 0.58706075 0
4 120 4 0.49774185 0
4 121 0 0.99860466 1
4 121 2 0.99506694 1
4 121 3 0.9891109 1
4 121 4 0.9631335 1
4 122 0 0.82561976 0
4 122 2 0.82207966 0
4 122 3 0.7926629 0
4 122 4 0.78168136 0
4 123 0 0.98704463 1
4 123 2 0.95466393 1
4 123 3 0.9214786 1
4 123 4 0.80866385 1
4 124 0 0.7927272 0
4 124 2 0.81526494 0
4 124 3 0.7692024 0
4 124 4 0.72466236 0
4 125 0 0.8363103 0
4 125 2 0.8195381 0
4 125 3 0.7895965 0
4 125 4 0.71704316 0
4 126 0 0.81382227 0
4 126 2 0.85744107 0
4 126 3 0.7968375 0
4 126 4 0.7549038 0
4 127 0 0.7929485 0
4 127 2 0.76209515 0
4 127 3 0.7501432 0
4 127 4 0.6939203 0
4 128 0 0.9951398 1
4 128 2 0.9848953 1
4 128 3 0.9604112 1
4 128 4 0.8701051 1
4 129 0 0.9103281 0
4 129 2 0.86973184 0
4 129 3 0.8096601 0
4 129 4 0.61534685 0
4 130 0 0.9944937 1
4 130 2 0.97973925 1
4 130 3 0.9555105 1
4 130 4 0.8442709 1
4 131 0 0.71111435 0
4 131 2 0.645628 0
4 131 3 0.63493425 0
4 131 4 0.5834972 0
4 132 0 0.9285435 1
4 132 2 0.9113809 0
4 132 3 0.906134 0
4 132 4 0.85448337 0
4 133 0 0.8937555 1
4 133 2 0.85965794 1
4 133 3 0.7844229 1
4 133 4 0.6287364 0
4 134 0 0.8569892 0
4 134 2 0.8379572 0
4 134 3 0.8358076 0
4 134 4 0.78015155 0
4 135 0 0.99855804 1
4 135 2 0.9958469 1
4 135 3 0.98957324 1
4 135 4 0.9538476 1
4 136 0 0.90884286 0
4 136 2 0.9069134 0
4 136 3 0.89267665 0
4 136 4 0.8310825 0
4 138 0 0.99178725 1
4 138 2 0.9738547 1
4 138 3 0.9480798 1
4 138 4 0.84259427 1
4 139 0 0.9977226 1
4 139 2 0.99206483 1
4 139 3 0.9803784 1
4 139 4 0.92834765 1
4 140 0 0.7918654 0
4 140 2 0.7675023 0
4 140 3 0.7065354 0
4 140 4 0.7216407 0
4 141 0 0.9468693 0
4 141 2 0.91495705 0
4 141 3 0.89923626 0
4 141 4 0.85814196 0
4 143 0 0.8475771 0
4 143 2 0.83145565 0
4 143 3 0.79202306 0
4 143 4 0.7506806 0
4 147 0 0.9151317 0
4 147 2 0.9062051 0
4 147 3 0.90509754 0
4 147 4 0.9081733 0
4 148 0 0.88187385 0
4 148 2 0.8602552 0
4 148 3 0.8720567 0
4 148 4 0.8956585 0
4 149 0 0.92246896 0
4 149 2 0.8907046 0
4 149 3 0.873922 0
4 149 4 0.8425826 0
4 159 0 0.8958344 0
4 159 2 0.8890163 0
4 159 3 0.86462706 0
4 159 4 0.88952345 0
4 178 0 0.75406796 0
4 178 2 0.7492828 0
4 178 3 0.72169775 0
4 178 4 0.72028345 0
4 181 0 0.8835083 0
4 181 2 0.8630489 0
4 181 3 0.8653671 0
4 181 4 0.7691694 0
4 209 0 0.94127786 0
4 209 2 0.9492315 0
4 209 3 0.9561904 0
4 209 4 0.9425709 0
4 229 0 0.99893147 1
4 229 2 0.99768156 1
4 229 3 0.99246216 1
4 229 4 0.97742164 1
4 258 0 0.0013400839 0
4 258 2 0.0039711604 0
4 258 3 0.003551958 0
4 258 4 0.0034362695 0
4 339 0 0.83294696 0
4 339 2 0.82261693 0
4 339 3 0.8173102 0
4 339 4 0.92157775 0
4 1185 0 0.8576112 0
4 1185 2 0.8276427 0
4 1185 3 0.81535655 0
4 1185 4 0.71633106 0
4 2133 0 0.84734666 0
4 2133 2 0.9054661 0
4 2133 3 0.90974283 0
4 2133 4 0.87330586 0
