# 1e5
0 3 0 0.99979573 1
0 3 1 0.99948364 1
0 3 2 0.9982017 1
0 3 3 0.9950392 1
0 3 4 0.9794202 1
0 4 0 0.99990755 1
0 4 1 0.9999012 1
0 4 2 0.9992477 1
0 4 3 0.99681 1
0 4 4 0.989999 1
0 5 0 0.6076102 1
0 5 1 0.42264852 1
0 5 2 0.19006366 1
0 5 3 0.056376066 1
0 5 4 0.03424402 0
0 6 0 0.99692 1
0 6 1 0.9921602 1
0 6 2 0.9734618 1
0 6 3 0.9293183 1
0 6 4 0.76125985 1
0 7 0 0.75091094 1
0 7 1 0.62831557 1
0 7 2 0.38032427 1
0 7 3 0.16604798 1
0 7 4 0.06919166 0
0 8 0 0.26073286 1
0 8 1 0.24180627 1
0 8 2 0.24164863 0
0 8 3 0.19005787 0
0 8 4 0.13893539 0
0 9 0 0.9975682 1
0 9 1 0.99369484 1
0 9 2 0.9785556 1
0 9 3 0.9423017 1
0 9 4 0.7999413 1
0 10 0 0.2119508 0
0 10 1 0.22286095 0
0 10 2 0.1968127 0
0 10 3 0.16123192 0
0 10 4 0.14290904 0
0 11 0 0.9983217 1
0 11 1 0.99605477 1
0 11 2 0.98657924 1
0 11 3 0.9647189 1
0 11 4 0.86740553 1
0 12 0 0.9850497 1
0 12 1 0.98388416 1
0 12 2 0.9522526 1
0 12 3 0.87943894 1
0 12 4 0.6203024 1
0 13 0 0.99962556 1
0 13 1 0.998963 1
0 13 2 0.9967002 1
0 13 3 0.99193466 1
0 13 4 0.9674315 1
0 14 0 0.9632839 1
0 14 1 0.92536914 1
0 14 2 0.8076285 1
0 14 3 0.6108634 1
0 14 4 0.24646288 1
0 15 0 0.8030926 1
0 15 1 0.7842188 1
0 15 2 0.7187844 1
0 15 3 0.6081802 1
0 15 4 0.44247973 0
0 16 0 0.51731426 0
0 16 1 0.4755286 0
0 16 2 0.35389858 0
0 16 3 0.31251773 0
0 16 4 0.28035548 0
0 17 0 0.97121924 1
0 17 1 0.9497945 1
0 17 2 0.882512 1
0 17 3 0.75029576 1
0 17 4 0.43002927 1
0 18 0 0.9975035 1
0 18 1 0.99313694 1
0 18 2 0.9779985 1
0 18 3 0.9436013 1
0 18 4 0.8079401 1
0 25 0 0.998324 1
0 25 1 0.9963922 1
0 25 2 0.99194425 1
0 25 3 0.98049074 1
0 25 4 0.9349412 1
0 37 0 0.9978495 1
0 37 1 0.994847 1
0 37 2 0.9827739 1
0 37 3 0.95622927 1
0 37 4 0.85412335 1
0 42 0 0.9963053 1
0 42 1 0.9954758 1
0 42 2 0.99112225 1
0 42 3 0.9838648 1
0 42 4 0.93821275 1
0 61 0 0.7108842 0
0 61 1 0.7248796 0
0 61 2 0.6854857 0
0 61 3 0.6568784 0
0 61 4 0.62173426 0
1 2 0 0.99375486 1
1 2 1 0.9837463 1
1 2 2 0.9449961 1
1 2 3 0.8547168 1
1 2 4 0.57413983 1
1 3 0 0.8370359 1
1 3 1 0.6976685 1
1 3 2 0.46691954 1
1 3 3 0.26294205 1
1 3 4 0.07770272 1
1 4 0 0.99743503 1
1 4 1 0.99446243 1
1 4 2 0.98219466 1
1 4 3 0.9537727 1
1 4 4 0.8367414 1
1 5 0 0.9320288 1
1 5 1 0.84904337 1
1 5 2 0.6463673 1
1 5 3 0.39038473 1
1 5 4 0.07319755 1
1 6 0 0.9703241 1
1 6 1 0.93543005 1
1 6 2 0.81141657 1
1 6 3 0.6011837 1
1 6 4 0.22947282 1
1 7 0 0.998751 1
1 7 1 0.9972422 1
1 7 2 0.9908547 1
1 7 3 0.9750726 1
1 7 4 0.9053096 1
1 8 0 0.999475 1
1 8 1 0.9983242 1
1 8 2 0.99500036 1
1 8 3 0.9869755 1
1 8 4 0.9518381 1
1 9 0 0.84745276 1
1 9 1 0.786344 1
1 9 2 0.6282006 1
1 9 3 0.41744107 1
1 9 4 0.24148177 0
1 10 0 0.39466515 0
1 10 1 0.34650406 0
1 10 2 0.28452137 0
1 10 3 0.25756386 0
1 10 4 0.19384459 0
1 11 0 0.99663264 1
1 11 1 0.9919056 1
1 11 2 0.9736882 1
1 11 3 0.9288992 1
1 11 4 0.76559734 1
1 12 0 0.43959513 0
1 12 1 0.38787016 0
1 12 2 0.3685666 0
1 12 3 0.32763627 0
1 12 4 0.24518602 0
1 13 0 0.5588729 1
1 13 1 0.56187165 1
1 13 2 0.5502384 1
1 13 3 0.46492395 1
1 13 4 0.24294505 1
1 14 0 0.988346 1
1 14 1 0.9778805 1
1 14 2 0.93266934 1
1 14 3 0.83788663 1
1 14 4 0.55415386 1
1 15 0 0.99241513 1
1 15 1 0.9869117 1
1 15 2 0.95184284 1
1 15 3 0.8829899 1
1 15 4 0.64095414 1
1 16 0 0.38149434 0
1 16 1 0.31055737 0
1 16 2 0.20238867 0
1 16 3 0.19442528 0
1 16 4 0.17036521 0
1 17 0 0.71755755 1
1 17 1 0.7062669 1
1 17 2 0.6317616 1
1 17 3 0.48620287 1
1 17 4 0.20358835 1
1 18 0 0.9978173 1
1 18 1 0.9941581 1
1 18 2 0.9786355 1
1 18 3 0.94159174 1
1 18 4 0.80780077 1
1 19 0 0.9977313 1
1 19 1 0.99397093 1
1 19 2 0.9795613 1
1 19 3 0.9460139 1
1 19 4 0.8279315 1
1 20 0 0.97987634 1
1 20 1 0.9577898 1
1 20 2 0.8868961 1
1 20 3 0.749724 1
1 20 4 0.41942614 1
1 24 0 0.990981 1
1 24 1 0.98056555 1
1 24 2 0.9428201 1
1 24 3 0.85820657 1
1 24 4 0.5862119 1
1 27 0 0.5721666 1
1 27 1 0.57155335 1
1 27 2 0.5687529 1
1 27 3 0.56296563 1
1 27 4 0.5473331 1
1 43 0 0.58253354 0
1 43 1 0.56839275 0
1 43 2 0.5734603 0
1 43 3 0.503914 0
1 43 4 0.38296613 0
1 46 0 0.06134222 0
1 46 1 0.060669504 0
1 46 2 0.054830536 0
1 46 3 0.06342484 0
1 46 4 0.052587043 0
1 55 0 0.994101 1
1 55 1 0.9874565 1
1 55 2 0.962563 1
1 55 3 0.9105355 1
1 55 4 0.71838987 1
1 443 0 0.54277635 0
1 443 1 0.545308 0
1 443 2 0.5385425 0
1 443 3 0.52520305 0
1 443 4 0.46827155 0
2 2 0 0.41715473 1
2 2 1 0.33043638 1
2 2 2 0.18390621 1
2 2 3 0.11994264 0
2 2 4 0.10619123 0
2 3 0 0.8285868 1
2 3 1 0.76678675 1
2 3 2 0.5909401 1
2 3 3 0.3596875 1
2 3 4 0.2235956 0
2 4 0 0.22769271 1
2 4 1 0.16748412 1
2 4 2 0.07382517 1
2 4 3 0.09742823 0
2 4 4 0.07403878 0
2 5 0 0.3452653 1
2 5 1 0.3515416 1
2 5 2 0.35861304 1
2 5 3 0.3618581 1
2 5 4 0.31878853 1
2 6 0 0.78227574 1
2 6 1 0.7145158 1
2 6 2 0.52243054 1
2 6 3 0.2945905 1
2 6 4 0.16957524 0
2 7 0 0.20144008 0
2 7 1 0.1975843 0
2 7 2 0.14652266 0
2 7 3 0.10461344 0
2 7 4 0.14261314 0
2 8 0 0.9086657 1
2 8 1 0.83569956 1
2 8 2 0.6415539 1
2 8 3 0.3963476 1
2 8 4 0.16082507 0
2 9 0 0.36787033 0
2 9 1 0.34431174 0
2 9 2 0.3700638 0
2 9 3 0.33782083 0
2 9 4 0.26397592 0
2 10 0 0.70198613 1
2 10 1 0.65282816 1
2 10 2 0.5114057 1
2 10 3 0.3495355 0
2 10 4 0.28547713 0
2 11 0 0.90403116 1
2 11 1 0.80503607 1
2 11 2 0.5974774 1
2 11 3 0.36081773 1
2 11 4 0.17967895 0
2 12 0 0.9940696 1
2 12 1 0.9851253 1
2 12 2 0.94957954 1
2 12 3 0.87005913 1
2 12 4 0.6148214 1
2 13 0 0.9964466 1
2 13 1 0.9855196 1
2 13 2 0.9412527 1
2 13 3 0.8867604 1
2 13 4 0.6661728 1
2 14 0 0.99980545 1
2 14 1 0.9995637 1
2 14 2 0.99853814 1
2 14 3 0.9955088 1
2 14 4 0.982613 1
2 15 0 0.9965675 1
2 15 1 0.9972243 1
2 15 2 0.9982519 1
2 15 3 0.9989407 1
2 15 4 0.99693453 1
2 16 0 0.99805164 1
2 16 1 0.99199307 1
2 16 2 0.97565305 1
2 16 3 0.9411271 1
2 16 4 0.8435893 1
2 17 0 0.997902 1
2 17 1 0.9946008 1
2 17 2 0.98262465 1
2 17 3 0.95391643 1
2 17 4 0.8386645 1
2 18 0 0.60409415 1
2 18 1 0.5813428 1
2 18 2 0.5029878 0
2 18 3 0.47512397 0
2 18 4 0.5250397 0
2 19 0 0.95916563 1
2 19 1 0.9577327 1
2 19 2 0.9130755 1
2 19 3 0.8378283 1
2 19 4 0.66123295 0
2 20 0 0.99231195 1
2 20 1 0.9840847 1
2 20 2 0.95627785 1
2 20 3 0.8938075 1
2 20 4 0.6723133 1
2 21 0 0.8040257 1
2 21 1 0.79526705 1
2 21 2 0.7282097 1
2 21 3 0.5854647 1
2 21 4 0.46361086 0
2 26 0 0.45850497 0
2 26 1 0.4432442 0
2 26 2 0.3807507 0
2 26 3 0.27645212 0
2 26 4 0.27777928 0
2 37 0 0.44819131 1
2 37 1 0.44791135 1
2 37 2 0.44347247 1
2 37 3 0.4030956 1
2 37 4 0.3206395 1
2 39 0 0.77290124 1
2 39 1 0.7179645 1
2 39 2 0.6551338 0
2 39 3 0.6724067 0
2 39 4 0.5396105 0
2 53 0 0.71502125 0
2 53 1 0.704718 0
2 53 2 0.6986807 0
2 53 3 0.69933677 0
2 53 4 0.6485248 0
2 200 0 0.8669495 0
2 200 1 0.8647666 0
2 200 2 0.8461406 0
2 200 3 0.8017208 0
2 200 4 0.658481 0
3 4 1 0.9993084 1
3 4 2 0.9971234 1
3 4 3 0.9922004 1
3 5 1 0.99920124 1
3 5 2 0.99726516 1
3 5 3 0.99245286 1
3 6 1 0.09115081 1
3 6 2 0.021477737 1
3 6 3 0.017737543 0
3 7 1 0.39904368 1
3 7 2 0.17875405 1
3 7 3 0.06503391 1
3 8 1 0.9983684 1
3 8 2 0.99430853 1
3 8 3 0.98454314 1
3 9 1 0.9992966 1
3 9 2 0.9975935 1
3 9 3 0.99332094 1
3 10 1 0.49943593 1
3 10 2 0.26153862 1
3 10 3 0.091864616 1
3 11 1 0.94693846 1
3 11 2 0.8782894 1
3 11 3 0.7923816 1
3 12 1 0.9832548 1
3 12 2 0.9446639 1
3 12 3 0.8583643 1
3 13 1 0.9985644 1
3 13 2 0.9954673 1
3 13 3 0.98834044 1
3 14 1 0.9564605 1
3 14 2 0.8838798 1
3 14 3 0.73744524 1
3 15 1 0.9922133 1
3 15 2 0.98526365 1
3 15 3 0.9670579 1
3 16 1 0.996793 1
3 16 2 0.9895906 1
3 16 3 0.9713305 1
3 17 1 0.5576824 1
3 17 2 0.37941968 1
3 17 3 0.21421117 1
3 18 1 0.9552211 1
3 18 2 0.8575179 1
3 18 3 0.6770151 1
3 19 1 0.9980319 1
3 19 2 0.99476165 1
3 19 3 0.98585224 1
3 20 1 0.9968809 1
3 20 2 0.9893428 1
3 20 3 0.9712656 1
3 21 1 0.98332584 1
3 21 2 0.9466985 1
3 21 3 0.8639388 1
3 22 1 0.79532367 1
3 22 2 0.68156254 1
3 22 3 0.5261463 1
3 23 1 0.9771666 1
3 23 2 0.93667346 1
3 23 3 0.8397735 1
3 24 1 0.99964666 1
3 24 2 0.9987384 1
3 24 3 0.99637955 1
3 25 1 0.9781547 1
3 25 2 0.93672 1
3 25 3 0.84514195 1
3 26 1 0.99944985 1
3 26 2 0.99833417 1
3 26 3 0.9940253 1
3 52 1 0.9747045 1
3 52 2 0.9394495 1
3 52 3 0.8627397 1
3 53 1 0.9904457 1
3 53 2 0.97284925 1
3 53 3 0.92887384 1
4 2 0 0.99270856 1
4 2 2 0.9386554 1
4 2 3 0.84434384 1
4 2 4 0.5686016 1
4 3 0 0.7966157 1
4 3 2 0.7776915 1
4 3 3 0.72800577 1
4 3 4 0.55610365 1
4 4 0 0.18671434 1
4 4 2 0.12545183 1
4 4 3 0.07232132 0
4 4 4 0.07876169 0
4 5 0 0.9874292 1
4 5 2 0.89544404 1
4 5 3 0.74877983 1
4 5 4 0.38354576 1
4 6 0 0.99884814 1
4 6 2 0.989571 1
4 6 3 0.97058445 1
4 6 4 0.8922012 1
4 7 0 0.9978356 1
4 7 2 0.9794836 1
4 7 3 0.9454904 1
4 7 4 0.8106998 1
4 8 0 0.5539887 0
4 8 2 0.42029923 0
4 8 3 0.32066846 0
4 8 4 0.26288956 0
4 9 0 0.9977851 1
4 9 2 0.98251706 1
4 9 3 0.9534294 1
4 9 4 0.8378898 1
4 10 0 0.9995416 1
4 10 2 0.9959969 1
4 10 3 0.9905958 1
4 10 4 0.962513 1
4 11 0 0.4553504 1
4 11 2 0.3712148 1
4 11 3 0.23493995 1
4 11 4 0.15758358 0
4 12 0 0.9091317 1
4 12 2 0.80678046 1
4 12 3 0.66021466 1
4 12 4 0.44300148 0
4 21 0 0.4591006 0
4 21 2 0.5357662 0
4 21 3 0.40818775 0
4 21 4 0.33083758 0
4 50 0 0.6614777 0
4 50 2 0.6027597 0
4 50 3 0.6292717 0
4 50 4 0.6218597 0
4 161 0 0.8087167 1
4 161 2 0.7961909 1
4 161 3 0.78328836 1
4 161 4 0.712956 1
4 196 0 0.7153074 1
4 196 2 0.61364675 1
4 196 3 0.67012763 0
4 196 4 0.59562165 0
