# 1e4
0 19 0 0.99683267 1
0 19 1 0.99451154 1
0 19 2 0.9858168 1
0 19 3 0.9652953 1
0 19 4 0.86167204 0
0 20 0 0.9995942 1
0 20 1 0.9993339 1
0 20 2 0.99795514 1
0 20 3 0.99477845 1
0 20 4 0.97428805 1
0 21 0 0.71404976 0
0 21 1 0.6429663 0
0 21 2 0.55304676 0
0 21 3 0.5141058 0
0 21 4 0.3841399 0
0 22 0 0.99785197 1
0 22 1 0.99529004 1
0 22 2 0.98460305 1
0 22 3 0.96065307 1
0 22 4 0.860683 1
0 23 0 0.99964654 1
0 23 1 0.9987734 1
0 23 2 0.9985342 1
0 23 3 0.99596924 1
0 23 4 0.98417217 1
0 24 0 0.8365365 0
0 24 1 0.84219617 0
0 24 2 0.80830514 0
0 24 3 0.7963366 0
0 24 4 0.7402514 0
0 26 0 0.9981823 1
0 26 1 0.9972652 1
0 26 2 0.99451816 1
0 26 3 0.983698 1
0 26 4 0.93213236 1
0 27 0 0.9982594 1
0 27 1 0.99902576 1
0 27 2 0.9988285 1
0 27 3 0.99790955 1
0 27 4 0.99111986 1
0 28 0 0.99680984 1
0 28 1 0.9930275 1
0 28 2 0.9778294 1
0 28 3 0.9412304 1
0 28 4 0.8132368 0
0 29 0 0.99819446 1
0 29 1 0.9958112 1
0 29 2 0.9872454 1
0 29 3 0.9673687 1
0 29 4 0.8813645 1
0 30 0 0.99997723 1
0 30 1 0.9999562 1
0 30 2 0.99981415 1
0 30 3 0.998709 1
0 30 4 0.9955071 1
0 31 0 0.69510424 0
0 31 1 0.7026366 0
0 31 2 0.77254987 0
0 31 3 0.6612109 0
0 31 4 0.5431154 0
0 32 0 0.9687843 1
0 32 1 0.92832386 1
0 32 2 0.8070577 1
0 32 3 0.6752099 0
0 32 4 0.7256863 0
0 33 0 0.8095817 0
0 33 1 0.81832445 0
0 33 2 0.7738413 0
0 33 3 0.8189727 0
0 33 4 0.6925297 0
0 34 0 0.80329305 0
0 34 1 0.777973 0
0 34 2 0.7469895 0
0 34 3 0.8116309 0
0 34 4 0.7351101 0
0 35 0 0.9349975 0
0 35 1 0.93728495 0
0 35 2 0.88424706 0
0 35 3 0.9308236 0
0 35 4 0.83340085 0
0 36 0 0.9999914 1
0 36 1 0.99991864 1
0 36 2 0.9995722 1
0 36 3 0.999 1
0 36 4 0.9963195 1
0 38 0 0.7819562 0
0 38 1 0.76368815 0
0 38 2 0.75901824 0
0 38 3 0.7718723 0
0 38 4 0.74519145 0
0 39 0 0.9964999 1
0 39 1 0.996597 1
0 39 2 0.99453247 1
0 39 3 0.9810784 1
0 39 4 0.9468035 1
0 40 0 0.9279816 0
0 40 1 0.90523607 0
0 40 2 0.9064526 0
0 40 3 0.86857784 0
0 40 4 0.8087942 0
0 41 0 0.9971491 1
0 41 1 0.99460655 1
0 41 2 0.9833426 1
0 41 3 0.95981216 1
0 41 4 0.8790992 0
0 43 0 0.99981433 1
0 43 1 0.99932206 1
0 43 2 0.99815965 1
0 43 3 0.9952154 1
0 43 4 0.9816997 1
0 44 0 0.9057558 0
0 44 1 0.90156484 0
0 44 2 0.8985842 0
0 44 3 0.87052965 0
0 44 4 0.8389584 0
0 45 0 0.9985703 1
0 45 1 0.99739206 1
0 45 2 0.99138325 1
0 45 3 0.9795089 1
0 45 4 0.92097247 1
0 46 0 0.9780096 1
0 46 1 0.9538035 1
0 46 2 0.8985872 0
0 46 3 0.86332655 0
0 46 4 0.80506384 0
0 47 0 0.99911106 1
0 47 1 0.99829066 1
0 47 2 0.9947948 1
0 47 3 0.98765063 1
0 47 4 0.9543839 1
0 48 0 0.94465005 0
0 48 1 0.93452585 0
0 48 2 0.88728756 0
0 48 3 0.8242121 0
0 48 4 0.77374345 0
0 49 0 0.9947478 1
0 49 1 0.9910141 1
0 49 2 0.9743875 1
0 49 3 0.93561435 1
0 49 4 0.7773407 1
0 50 0 0.8701009 0
0 50 1 0.89189386 0
0 50 2 0.8547254 0
0 50 3 0.8595413 0
0 50 4 0.7877074 0
0 51 0 0.9794458 1
0 51 1 0.9600174 1
0 51 2 0.91254383 0
0 51 3 0.8738596 0
0 51 4 0.7571932 0
0 52 0 0.98806983 0
0 52 1 0.98356616 0
0 52 2 0.96785086 0
0 52 3 0.94112194 0
0 52 4 0.87519675 0
0 53 0 0.856734 0
0 53 1 0.840753 0
0 53 2 0.8694152 0
0 53 3 0.7937869 0
0 53 4 0.79309314 0
0 54 0 0.9246871 0
0 54 1 0.9122187 0
0 54 2 0.90245533 0
0 54 3 0.8391643 0
0 54 4 0.850734 0
0 55 0 0.99949527 1
0 55 1 0.9979893 1
0 55 2 0.9931822 1
0 55 3 0.9824849 1
0 55 4 0.9379894 1
0 56 0 0.8934946 0
0 56 1 0.92162365 0
0 56 2 0.9102739 0
0 56 3 0.9052695 0
0 56 4 0.8298968 0
0 57 0 0.92785394 0
0 57 1 0.9010287 0
0 57 2 0.8684386 0
0 57 3 0.85336894 0
0 57 4 0.8014359 0
0 58 0 0.95492125 0
0 58 1 0.9538301 0
0 58 2 0.9414821 0
0 58 3 0.9112758 0
0 58 4 0.9591054 0
0 59 0 0.84519017 0
0 59 1 0.8431594 0
0 59 2 0.84087056 0
0 59 3 0.8808162 0
0 59 4 0.7971718 0
0 60 0 0.99971074 1
0 60 1 0.99935883 1
0 60 2 0.99934506 1
0 60 3 0.9973888 1
0 60 4 0.95904064 1
0 62 0 0.99714625 1
0 62 1 0.99540913 1
0 62 2 0.99534476 1
0 62 3 0.9910925 1
0 62 4 0.97152597 1
0 63 0 0.9992516 1
0 63 1 0.99883765 1
0 63 2 0.9912673 1
0 63 3 0.9787033 1
0 63 4 0.9633289 1
0 64 0 0.9785468 0
0 64 1 0.9639238 0
0 64 2 0.95471513 0
0 64 3 0.9425037 0
0 64 4 0.9109846 0
0 65 0 0.8127326 0
0 65 1 0.8152301 0
0 65 2 0.80322254 0
0 65 3 0.79190487 0
0 65 4 0.7395489 0
0 66 0 0.8711455 0
0 66 1 0.8494392 0
0 66 2 0.7983152 0
0 66 3 0.79770625 0
0 66 4 0.711943 0
0 67 0 0.9676284 0
0 67 1 0.9575856 0
0 67 2 0.9663995 0
0 67 3 0.94496876 0
0 67 4 0.93447703 0
0 68 0 0.99878645 1
0 68 1 0.99774915 1
0 68 2 0.99350685 1
0 68 3 0.984993 1
0 68 4 0.9563573 0
0 69 0 0.99392515 1
0 69 1 0.98770493 1
0 69 2 0.9682232 1
0 69 3 0.93977267 0
0 69 4 0.8733104 0
0 70 0 0.99897295 1
0 70 1 0.9981704 1
0 70 2 0.9951346 1
0 70 3 0.987672 1
0 70 4 0.9530372 1
0 71 0 0.992395 1
0 71 1 0.9894963 1
0 71 2 0.983657 1
0 71 3 0.96568155 0
0 71 4 0.94365865 0
0 72 0 0.9983227 1
0 72 1 0.9971645 1
0 72 2 0.99388176 1
0 72 3 0.9911571 1
0 72 4 0.96578693 1
0 73 0 0.9575972 0
0 73 1 0.9465574 0
0 73 2 0.9054007 0
0 73 3 0.8881428 0
0 73 4 0.85765535 0
0 74 0 0.99900645 1
0 74 1 0.9985187 1
0 74 2 0.9958354 1
0 74 3 0.99373645 1
0 74 4 0.96682125 1
0 75 0 0.99667 1
0 75 1 0.99675506 1
0 75 2 0.99277705 1
0 75 3 0.9783302 1
0 75 4 0.9367171 1
0 76 0 0.95675737 0
0 76 1 0.949837 0
0 76 2 0.9304485 0
0 76 3 0.89947504 0
0 76 4 0.77371305 0
0 77 0 0.99848557 1
0 77 1 0.99824053 1
0 77 2 0.9958273 1
0 77 3 0.99031 1
0 77 4 0.96041065 1
0 78 0 0.99595004 1
0 78 1 0.9977131 1
0 78 2 0.9962084 1
0 78 3 0.9874154 1
0 78 4 0.91396475 1
0 79 0 0.99726176 1
0 79 1 0.99692076 1
0 79 2 0.9876776 1
0 79 3 0.97315216 1
0 79 4 0.9140935 1
0 80 0 0.97063655 0
0 80 1 0.96138155 0
0 80 2 0.9351721 0
0 80 3 0.9033389 0
0 80 4 0.8512306 0
0 81 0 0.99889326 1
0 81 1 0.9987766 1
0 81 2 0.996623 1
0 81 3 0.9925801 1
0 81 4 0.97128344 1
0 82 0 0.9889943 0
0 82 1 0.9852427 0
0 82 2 0.9731517 0
0 82 3 0.96396375 0
0 82 4 0.95918703 0
0 83 0 0.99954355 1
0 83 1 0.9992504 1
0 83 2 0.99832314 1
0 83 3 0.9967778 1
0 83 4 0.98058045 1
0 84 0 0.9910739 1
0 84 1 0.9823129 1
0 84 2 0.960909 0
0 84 3 0.9406609 0
0 84 4 0.89432836 0
0 85 0 0.9798223 0
0 85 1 0.9683556 0
0 85 2 0.9697575 0
0 85 3 0.94585294 0
0 85 4 0.9305619 0
0 86 0 0.9964963 0
0 86 1 0.992509 0
0 86 2 0.9731926 0
0 86 3 0.96551144 0
0 86 4 0.93974113 0
0 87 0 0.94525105 0
0 87 1 0.94632185 0
0 87 2 0.93471444 0
0 87 3 0.91031146 0
0 87 4 0.8615714 0
0 88 0 0.9983619 1
0 88 1 0.99783224 1
0 88 2 0.99565804 1
0 88 3 0.98662394 1
0 88 4 0.95106184 1
0 89 0 0.9993848 1
0 89 1 0.9988934 1
0 89 2 0.99751747 1
0 89 3 0.9953341 1
0 89 4 0.9827853 1
0 90 0 0.99523616 1
0 90 1 0.9969752 1
0 90 2 0.9950201 1
0 90 3 0.99209684 1
0 90 4 0.9723038 1
0 91 0 0.9892807 0
0 91 1 0.98156464 0
0 91 2 0.9743043 0
0 91 3 0.96528006 0
0 91 4 0.9483589 0
0 92 0 0.97421247 0
0 92 1 0.9731093 0
0 92 2 0.9439524 0
0 92 3 0.9220685 0
0 92 4 0.88612163 0
0 93 0 0.91494673 0
0 93 1 0.92074686 0
0 93 2 0.9169086 0
0 93 3 0.9065598 0
0 93 4 0.9111174 0
0 94 0 0.9290585 0
0 94 1 0.9251828 0
0 94 2 0.90321684 0
0 94 3 0.8917835 0
0 94 4 0.8149666 0
0 95 0 0.9936088 1
0 95 1 0.9864909 1
0 95 2 0.968967 1
0 95 3 0.9335162 0
0 95 4 0.8924683 0
0 96 0 0.9780989 1
0 96 1 0.97212064 1
0 96 2 0.9777155 0
0 96 3 0.9619451 0
0 96 4 0.9242405 0
0 97 0 0.96111405 0
0 97 1 0.9538096 0
0 97 2 0.93351454 0
0 97 3 0.9202834 0
0 97 4 0.87086004 0
0 98 0 0.9988765 1
0 98 1 0.9983207 1
0 98 2 0.9957997 1
0 98 3 0.9748495 1
0 98 4 0.913481 1
0 99 0 0.99058336 0
0 99 1 0.9876067 0
0 99 2 0.9702203 0
0 99 3 0.9314583 0
0 99 4 0.859311 0
0 100 0 0.9992477 1
0 100 1 0.999101 1
0 100 2 0.9979088 1
0 100 3 0.9953579 1
0 100 4 0.98703486 1
0 101 0 0.99829775 1
0 101 1 0.9971544 1
0 101 2 0.99296474 1
0 101 3 0.98212695 1
0 101 4 0.9336444 1
0 102 0 0.99406135 1
0 102 1 0.99236274 1
0 102 2 0.98471445 1
0 102 3 0.96557826 1
0 102 4 0.89916825 0
0 103 0 0.9969116 1
0 103 1 0.9908496 1
0 103 2 0.971344 1
0 103 3 0.93874246 1
0 103 4 0.9067867 0
0 104 0 0.971977 0
0 104 1 0.9685665 0
0 104 2 0.9756351 0
0 104 3 0.95968956 0
0 104 4 0.9397139 0
0 105 0 0.9788114 0
0 105 1 0.9780303 0
0 105 2 0.96739644 0
0 105 3 0.9660195 0
0 105 4 0.95320165 0
0 106 0 0.9966015 1
0 106 1 0.99495786 1
0 106 2 0.9920402 1
0 106 3 0.98746616 1
0 106 4 0.9561223 0
0 107 0 0.9877738 0
0 107 1 0.9840944 0
0 107 2 0.97835106 0
0 107 3 0.97650594 0
0 107 4 0.9707364 0
0 108 0 0.9742501 0
0 108 1 0.9706041 0
0 108 2 0.9480445 0
0 108 3 0.94740856 0
0 108 4 0.9547266 0
0 109 0 0.9917381 1
0 109 1 0.9824806 1
0 109 2 0.9622045 1
0 109 3 0.9470441 0
0 109 4 0.91140574 0
0 110 0 0.9907469 0
0 110 1 0.9820783 0
0 110 2 0.9663864 0
0 110 3 0.9451739 0
0 110 4 0.843923 0
0 111 0 0.9896369 1
0 111 1 0.9842672 1
0 111 2 0.96464306 1
0 111 3 0.9302202 1
0 111 4 0.84062314 0
0 112 0 0.99124235 1
0 112 1 0.9883388 1
0 112 2 0.9717577 1
0 112 3 0.9390504 0
0 112 4 0.9120795 0
0 113 0 0.977796 0
0 113 1 0.9709629 0
0 113 2 0.9558421 0
0 113 3 0.9488101 0
0 113 4 0.91376364 0
0 114 0 0.9793318 0
0 114 1 0.9760983 0
0 114 2 0.964086 0
0 114 3 0.93186545 0
0 114 4 0.8832692 0
0 115 0 0.9562005 0
0 115 1 0.95169675 0
0 115 2 0.94356996 0
0 115 3 0.97082525 0
0 115 4 0.9494125 0
0 116 0 0.9557602 0
0 116 1 0.9497079 0
0 116 2 0.94786775 0
0 116 3 0.9411652 0
0 116 4 0.91261786 0
0 117 0 0.9932998 0
0 117 1 0.98364544 0
0 117 2 0.9753842 0
0 117 3 0.9649071 0
0 117 4 0.94291145 0
0 118 0 0.99786 1
0 118 1 0.99823433 1
0 118 2 0.9968174 1
0 118 3 0.9920628 1
0 118 4 0.97348803 1
0 119 0 0.9971115 1
0 119 1 0.9955189 1
0 119 2 0.9898371 1
0 119 3 0.98182744 1
0 119 4 0.9343673 1
0 120 0 0.987426 1
0 120 1 0.98536265 1
0 120 2 0.9786818 1
0 120 3 0.96199214 1
0 120 4 0.89263076 1
0 121 0 0.9728083 0
0 121 1 0.9639649 0
0 121 2 0.96245056 0
0 121 3 0.94780785 0
0 121 4 0.93485004 0
0 122 0 0.9580393 0
0 122 1 0.959041 0
0 122 2 0.9576758 0
0 122 3 0.9534635 0
0 122 4 0.93066555 0
0 123 0 0.93732804 0
0 123 1 0.9390728 0
0 123 2 0.9231423 0
0 123 3 0.9036281 0
0 123 4 0.8666119 0
0 124 0 0.9997398 1
0 124 1 0.99960667 1
0 124 2 0.9955355 1
0 124 3 0.9979305 1
0 124 4 0.98733747 1
0 125 0 0.9132288 0
0 125 1 0.9223758 0
0 125 2 0.9116376 0
0 125 3 0.90592945 0
0 125 4 0.9522818 0
0 128 0 0.9855117 1
0 128 1 0.9796838 1
0 128 2 0.9810384 0
0 128 3 0.97337407 0
0 128 4 0.95245886 0
0 138 0 0.9545554 0
0 138 1 0.93985003 0
0 138 2 0.93794286 0
0 138 3 0.92606676 0
0 138 4 0.88141465 0
0 147 0 0.96910375 0
0 147 1 0.9707739 0
0 147 2 0.9606062 0
0 147 3 0.9426338 0
0 147 4 0.9283035 0
0 154 0 0.9538646 0
0 154 1 0.9476608 0
0 154 2 0.93580127 0
0 154 3 0.9414779 0
0 154 4 0.91017634 0
0 159 0 0.9244989 0
0 159 1 0.91553956 0
0 159 2 0.8805964 0
0 159 3 0.9285839 0
0 159 4 0.88778716 0
0 172 0 0.97051245 0
0 172 1 0.96631694 0
0 172 2 0.9646738 0
0 172 3 0.95177084 0
0 172 4 0.9456979 0
0 194 0 0.95714754 0
0 194 1 0.9595947 0
0 194 2 0.9417458 0
0 194 3 0.92522544 0
0 194 4 0.9562666 0
0 214 0 0.93764585 0
0 214 1 0.93280375 0
0 214 2 0.88535815 0
0 214 3 0.8383274 0
0 214 4 0.82988834 0
0 216 0 0.91330874 0
0 216 1 0.91050464 0
0 216 2 0.8987079 0
0 216 3 0.94003975 0
0 216 4 0.9238883 0
0 659 0 0.38355383 0
0 659 1 0.73627025 0
0 659 2 0.7535928 0
0 659 3 0.64602345 0
0 659 4 0.8253348 0
0 997 0 0.52857286 0
0 997 1 0.7901583 0
0 997 2 0.91430515 0
0 997 3 0.9360245 0
0 997 4 0.89898163 0
0 1313 0 0.98571086 0
0 1313 1 0.9854577 0
0 1313 2 0.98964626 0
0 1313 3 0.9858323 0
0 1313 4 0.97777724 0
0 1419 0 0.20594338 0
0 1419 1 0.37258962 0
0 1419 2 0.4516523 0
0 1419 3 0.78980196 0
0 1419 4 0.7461516 0
1 21 0 0.9939687 1
1 21 1 0.9871329 1
1 21 2 0.95665795 1
1 21 3 0.8901509 1
1 21 4 0.7319504 0
1 22 0 0.9894415 1
1 22 1 0.97712684 1
1 22 2 0.9337432 1
1 22 3 0.84211504 1
1 22 4 0.75248486 0
1 23 0 0.87075907 0
1 23 1 0.8705979 0
1 23 2 0.84884095 0
1 23 3 0.80075836 0
1 23 4 0.69211113 0
1 25 0 0.2593988 1
1 25 1 0.2594112 1
1 25 2 0.259399 1
1 25 3 0.25924176 1
1 25 4 0.25380778 1
1 26 0 0.99579775 1
1 26 1 0.9906015 1
1 26 2 0.97252315 1
1 26 3 0.92845285 1
1 26 4 0.7617531 1
1 28 0 0.9985661 1
1 28 1 0.99688935 1
1 28 2 0.9903993 1
1 28 3 0.9742787 1
1 28 4 0.8782154 1
1 29 0 0.9976548 1
1 29 1 0.99285877 1
1 29 2 0.978037 1
1 29 3 0.94142526 1
1 29 4 0.7940271 1
1 30 0 0.6818425 0
1 30 1 0.7233048 0
1 30 2 0.76296794 0
1 30 3 0.62832844 0
1 30 4 0.6105443 0
1 31 0 0.9770737 1
1 31 1 0.947525 1
1 31 2 0.8675331 0
1 31 3 0.7894901 0
1 31 4 0.58797485 0
1 32 0 0.99667025 1
1 32 1 0.9947529 1
1 32 2 0.98438215 1
1 32 3 0.9576711 1
1 32 4 0.8555829 1
1 33 0 0.9700178 1
1 33 1 0.94908184 1
1 33 2 0.8564921 1
1 33 3 0.76201177 0
1 33 4 0.6302665 0
1 34 0 0.9997674 1
1 34 1 0.9994439 1
1 34 2 0.99862385 1
1 34 3 0.9958435 1
1 34 4 0.9841276 1
1 35 0 0.99302495 1
1 35 1 0.9888993 1
1 35 2 0.97171485 1
1 35 3 0.9316414 1
1 35 4 0.81611335 0
1 36 0 0.99814653 1
1 36 1 0.9956176 1
1 36 2 0.9866804 1
1 36 3 0.96409816 1
1 36 4 0.8774785 1
1 37 0 0.901866 0
1 37 1 0.8928155 0
1 37 2 0.85019445 0
1 37 3 0.8234986 0
1 37 4 0.70747304 0
1 38 0 0.96324176 0
1 38 1 0.94960874 0
1 38 2 0.91313183 0
1 38 3 0.94508857 0
1 38 4 0.85352325 0
1 39 0 0.9972877 1
1 39 1 0.99382544 1
1 39 2 0.98161495 1
1 39 3 0.9507631 1
1 39 4 0.8245379 1
1 40 0 0.98183763 1
1 40 1 0.9692304 1
1 40 2 0.9298279 1
1 40 3 0.85464054 0
1 40 4 0.7607874 0
1 41 0 0.96299094 1
1 41 1 0.948414 1
1 41 2 0.92081654 0
1 41 3 0.9199731 0
1 41 4 0.8563036 0
1 42 0 0.86883384 0
1 42 1 0.89516926 0
1 42 2 0.8713868 0
1 42 3 0.82505596 0
1 42 4 0.74822116 0
1 44 0 0.991175 1
1 44 1 0.9811934 1
1 44 2 0.95341164 1
1 44 3 0.93788373 0
1 44 4 0.8945136 0
1 45 0 0.99822444 1
1 45 1 0.9961591 1
1 45 2 0.9880432 1
1 45 3 0.9681444 1
1 45 4 0.8862554 1
1 47 0 0.90446424 0
1 47 1 0.94275445 0
1 47 2 0.90631527 0
1 47 3 0.88711494 0
1 47 4 0.86785626 0
1 48 0 0.86308235 0
1 48 1 0.8388436 0
1 48 2 0.98443943 0
1 48 3 0.9601476 0
1 48 4 0.85877484 0
1 49 0 0.860994 0
1 49 1 0.88312805 0
1 49 2 0.8392183 0
1 49 3 0.8315204 0
1 49 4 0.74033725 0
1 50 0 0.9979726 1
1 50 1 0.99590003 1
1 50 2 0.9883374 1
1 50 3 0.97022754 1
1 50 4 0.89411885 1
1 51 0 0.94562167 0
1 51 1 0.9403866 0
1 51 2 0.96022314 0
1 51 3 0.9154215 0
1 51 4 0.8845344 0
1 52 0 0.8514347 0
1 52 1 0.8341873 0
1 52 2 0.81213486 0
1 52 3 0.78713596 0
1 52 4 0.73538375 0
1 53 0 0.91648614 0
1 53 1 0.8959761 0
1 53 2 0.9042561 0
1 53 3 0.9014266 0
1 53 4 0.7956654 0
1 54 0 0.9986155 1
1 54 1 0.99832493 1
1 54 2 0.99683523 1
1 54 3 0.99219877 1
1 54 4 0.967705 1
1 56 0 0.9214181 0
1 56 1 0.9145271 0
1 56 2 0.91216725 0
1 56 3 0.8828758 0
1 56 4 0.83185774 0
1 57 0 0.998514 1
1 57 1 0.99775285 1
1 57 2 0.9944936 1
1 57 3 0.9873017 1
1 57 4 0.9532441 1
1 58 0 0.995005 1
1 58 1 0.98729765 1
1 58 2 0.9694995 1
1 58 3 0.9329346 1
1 58 4 0.87841856 0
1 59 0 0.9655607 0
1 59 1 0.94851637 0
1 59 2 0.9333199 0
1 59 3 0.9161563 0
1 59 4 0.8176505 0
1 60 0 0.9899182 1
1 60 1 0.9851106 1
1 60 2 0.9613086 1
1 60 3 0.90078807 1
1 60 4 0.6883275 1
1 61 0 0.89538115 0
1 61 1 0.8709962 0
1 61 2 0.8622171 0
1 61 3 0.85784125 0
1 61 4 0.779044 0
1 62 0 0.9997948 1
1 62 1 0.99914545 1
1 62 2 0.9963347 1
1 62 3 0.99052906 1
1 62 4 0.9789731 1
1 63 0 0.9987468 1
1 63 1 0.99685186 1
1 63 2 0.9918877 1
1 63 3 0.97992146 1
1 63 4 0.92204666 1
1 64 0 0.9681704 0
1 64 1 0.9507793 0
1 64 2 0.939182 0
1 64 3 0.9265563 0
1 64 4 0.8699835 0
1 65 0 0.9763223 1
1 65 1 0.9705424 1
1 65 2 0.9517763 1
1 65 3 0.9345582 0
1 65 4 0.853804 0
1 66 0 0.9690252 1
1 66 1 0.9571293 1
1 66 2 0.97760576 0
1 66 3 0.9503066 0
1 66 4 0.90114534 0
1 67 0 0.99924964 1
1 67 1 0.99449056 1
1 67 2 0.9893845 1
1 67 3 0.9582302 1
1 67 4 0.82474667 1
1 68 0 0.9227376 1
1 68 1 0.9675036 1
1 68 2 0.9394603 1
1 68 3 0.90901875 1
1 68 4 0.8259362 0
1 69 0 0.993196 1
1 69 1 0.9842219 1
1 69 2 0.9654723 1
1 69 3 0.91752905 1
1 69 4 0.85510355 0
1 70 0 0.8794736 0
1 70 1 0.8645809 0
1 70 2 0.8655271 0
1 70 3 0.8609099 0
1 70 4 0.7838198 0
1 71 0 0.9217861 0
1 71 1 0.8970108 0
1 71 2 0.93345535 0
1 71 3 0.8678435 0
1 71 4 0.85604525 0
1 72 0 0.96303236 0
1 72 1 0.94597656 0
1 72 2 0.9344165 0
1 72 3 0.9167324 0
1 72 4 0.8435251 0
1 73 0 0.99209625 1
1 73 1 0.9834831 1
1 73 2 0.9533862 1
1 73 3 0.9139868 0
1 73 4 0.8467291 0
1 74 0 0.9969414 1
1 74 1 0.9943838 1
1 74 2 0.9884159 1
1 74 3 0.9694824 1
1 74 4 0.89213824 1
1 75 0 0.9872557 1
1 75 1 0.98099923 1
1 75 2 0.9592391 0
1 75 3 0.94758475 0
1 75 4 0.9054277 0
1 76 0 0.99847114 1
1 76 1 0.9979962 1
1 76 2 0.99645716 1
1 76 3 0.9906567 1
1 76 4 0.9646584 1
1 77 0 0.99127996 0
1 77 1 0.98653287 0
1 77 2 0.95101136 0
1 77 3 0.89803916 0
1 77 4 0.87536293 0
1 78 0 0.9971362 1
1 78 1 0.996863 1
1 78 2 0.9948409 1
1 78 3 0.986552 1
1 78 4 0.93822056 1
1 79 0 0.9747184 1
1 79 1 0.9644189 1
1 79 2 0.92403316 0
1 79 3 0.9182264 0
1 79 4 0.8668288 0
1 80 0 0.9813964 0
1 80 1 0.95865184 0
1 80 2 0.8937202 0
1 80 3 0.9506675 0
1 80 4 0.85735214 0
1 81 0 0.95413244 0
1 81 1 0.95187753 0
1 81 2 0.9404178 0
1 81 3 0.95272255 0
1 81 4 0.890619 0
1 82 0 0.9988057 1
1 82 1 0.99726516 1
1 82 2 0.99375665 1
1 82 3 0.98447317 1
1 82 4 0.94142735 1
1 83 0 0.9913647 1
1 83 1 0.98686343 1
1 83 2 0.97152483 1
1 83 3 0.93506306 1
1 83 4 0.8492575 0
1 84 0 0.95080876 0
1 84 1 0.95048237 0
1 84 2 0.9662055 0
1 84 3 0.92724323 0
1 84 4 0.87057513 0
1 85 0 0.9994145 1
1 85 1 0.9990605 1
1 85 2 0.99798924 1
1 85 3 0.995024 1
1 85 4 0.9795096 1
1 86 0 0.9583545 0
1 86 1 0.9598183 0
1 86 2 0.94520074 0
1 86 3 0.9318209 0
1 86 4 0.9140486 0
1 87 0 0.9978904 1
1 87 1 0.97576535 1
1 87 2 0.9934304 1
1 87 3 0.84952736 1
1 87 4 0.7138478 1
1 88 0 0.9973594 1
1 88 1 0.99738044 1
1 88 2 0.9954915 1
1 88 3 0.99064636 1
1 88 4 0.96335286 1
1 89 0 0.9523048 1
1 89 1 0.93978894 1
1 89 2 0.91300184 0
1 89 3 0.9518905 0
1 89 4 0.89992714 0
1 90 0 0.9459327 0
1 90 1 0.9439019 0
1 90 2 0.95702744 0
1 90 3 0.9589872 0
1 90 4 0.93092275 0
1 91 0 0.9468524 0
1 91 1 0.9352266 0
1 91 2 0.8950275 0
1 91 3 0.90618247 0
1 91 4 0.87846726 0
1 92 0 0.99331045 1
1 92 1 0.9841331 0
1 92 2 0.9764287 0
1 92 3 0.981877 0
1 92 4 0.9658908 0
1 93 0 0.99336964 1
1 93 1 0.98977184 1
1 93 2 0.9694743 1
1 93 3 0.93322533 1
1 93 4 0.8204268 0
1 94 0 0.9464516 0
1 94 1 0.92671955 0
1 94 2 0.92313546 0
1 94 3 0.89780366 0
1 94 4 0.8616752 0
1 95 0 0.9372126 0
1 95 1 0.9140513 0
1 95 2 0.9071614 0
1 95 3 0.91574603 0
1 95 4 0.8267502 0
1 96 0 0.9933828 1
1 96 1 0.9900069 1
1 96 2 0.972949 1
1 96 3 0.9338548 1
1 96 4 0.8272585 0
1 97 0 0.9579253 0
1 97 1 0.9380958 0
1 97 2 0.9304148 0
1 97 3 0.9236744 0
1 97 4 0.88849133 0
1 98 0 0.94420415 0
1 98 1 0.93440634 0
1 98 2 0.92612183 0
1 98 3 0.92633957 0
1 98 4 0.88574666 0
1 99 0 0.99516535 1
1 99 1 0.9903117 1
1 99 2 0.97280174 1
1 99 3 0.9408305 1
1 99 4 0.8142656 1
1 100 0 0.9699832 0
1 100 1 0.9892633 0
1 100 2 0.9758794 0
1 100 3 0.9592511 0
1 100 4 0.93587995 0
1 101 0 0.87549704 0
1 101 1 0.87371427 0
1 101 2 0.89295036 0
1 101 3 0.8869797 0
1 101 4 0.8129448 0
1 102 0 0.9412728 0
1 102 1 0.9506532 0
1 102 2 0.92733485 0
1 102 3 0.90933794 0
1 102 4 0.85779005 0
1 103 0 0.9433772 0
1 103 1 0.94390726 0
1 103 2 0.9762158 0
1 103 3 0.95775414 0
1 103 4 0.91917044 0
1 104 0 0.9640789 0
1 104 1 0.9782751 0
1 104 2 0.95642036 0
1 104 3 0.9442866 0
1 104 4 0.9009478 0
1 105 0 0.90228975 0
1 105 1 0.8809839 0
1 105 2 0.8602253 0
1 105 3 0.89010614 0
1 105 4 0.80615103 0
1 106 0 0.95776725 0
1 106 1 0.95649385 0
1 106 2 0.95867234 0
1 106 3 0.9548537 0
1 106 4 0.91053987 0
1 107 0 0.9978846 1
1 107 1 0.9899689 1
1 107 2 0.99779767 1
1 107 3 0.99410987 1
1 107 4 0.9365107 1
1 108 0 0.97020537 0
1 108 1 0.97366375 0
1 108 2 0.96214914 0
1 108 3 0.9577728 0
1 108 4 0.92670596 0
1 109 0 0.9382226 0
1 109 1 0.9322933 0
1 109 2 0.91806245 0
1 109 3 0.89131516 0
1 109 4 0.9653559 0
1 110 0 0.9995641 1
1 110 1 0.9990512 1
1 110 2 0.99702936 1
1 110 3 0.99111384 1
1 110 4 0.9689119 1
1 111 0 0.98444825 1
1 111 1 0.9692227 1
1 111 2 0.91431504 0
1 111 3 0.8488642 0
1 111 4 0.65253973 0
1 112 0 0.95130306 0
1 112 1 0.9377281 0
1 112 2 0.91136056 0
1 112 3 0.87921697 0
1 112 4 0.8392335 0
1 113 0 0.89767516 0
1 113 1 0.89666253 0
1 113 2 0.8883129 0
1 113 3 0.8842792 0
1 113 4 0.8553516 0
1 114 0 0.97861487 0
1 114 1 0.97252285 0
1 114 2 0.97043836 0
1 114 3 0.9493872 0
1 114 4 0.9366201 0
1 115 0 0.96461153 0
1 115 1 0.9608204 0
1 115 2 0.9458331 0
1 115 3 0.9416618 0
1 115 4 0.9495881 0
1 116 0 0.9766579 1
1 116 1 0.9666915 1
1 116 2 0.96422076 0
1 116 3 0.9691041 0
1 116 4 0.9129381 0
1 117 0 0.95391405 0
1 117 1 0.9471404 0
1 117 2 0.9413611 0
1 117 3 0.92195386 0
1 117 4 0.86989725 0
1 118 0 0.99940515 1
1 118 1 0.99896604 1
1 118 2 0.997103 1
1 118 3 0.99277216 1
1 118 4 0.97306156 1
1 119 0 0.9961456 1
1 119 1 0.99053895 1
1 119 2 0.9867318 1
1 119 3 0.9653932 1
1 119 4 0.84805363 1
1 120 0 0.99441195 1
1 120 1 0.99329996 1
1 120 2 0.983846 1
1 120 3 0.9376595 1
1 120 4 0.8973692 0
1 121 0 0.97250354 0
1 121 1 0.9633973 0
1 121 2 0.9597624 0
1 121 3 0.94119865 0
1 121 4 0.9049449 0
1 122 0 0.96083593 0
1 122 1 0.8980177 0
1 122 2 0.885863 0
1 122 3 0.94331604 0
1 122 4 0.8736611 0
1 123 0 0.99916285 1
1 123 1 0.9982663 1
1 123 2 0.9945773 1
1 123 3 0.98588234 1
1 123 4 0.9518313 1
1 124 0 0.998747 1
1 124 1 0.99764204 1
1 124 2 0.99492717 1
1 124 3 0.9874312 1
1 124 4 0.959284 1
1 125 0 0.9732999 0
1 125 1 0.95995826 0
1 125 2 0.97059184 0
1 125 3 0.9426246 0
1 125 4 0.92756295 0
1 126 0 0.970482 1
1 126 1 0.9538273 1
1 126 2 0.9184327 1
1 126 3 0.9058749 0
1 126 4 0.849707 0
1 127 0 0.98836 0
1 127 1 0.983883 0
1 127 2 0.9786767 0
1 127 3 0.9706719 0
1 127 4 0.94503224 0
1 128 0 0.9655782 1
1 128 1 0.95590436 0
1 128 2 0.94151187 0
1 128 3 0.95784473 0
1 128 4 0.91022134 0
1 129 0 0.9880286 1
1 129 1 0.9822286 1
1 129 2 0.96275544 1
1 129 3 0.93459094 0
1 129 4 0.9805431 0
1 130 0 0.97824854 0
1 130 1 0.9788492 0
1 130 2 0.9786108 0
1 130 3 0.97105074 0
1 130 4 0.9466577 0
1 131 0 0.97301364 1
1 131 1 0.96470344 1
1 131 2 0.94728315 0
1 131 3 0.92688656 0
1 131 4 0.914809 0
1 132 0 0.9808112 0
1 132 1 0.97081333 0
1 132 2 0.9703569 0
1 132 3 0.94825065 0
1 132 4 0.8906889 0
1 133 0 0.9344712 0
1 133 1 0.93567294 0
1 133 2 0.9374695 0
1 133 3 0.919963 0
1 133 4 0.8735977 0
1 134 0 0.9919787 1
1 134 1 0.9827358 1
1 134 2 0.9580827 1
1 134 3 0.93744445 0
1 134 4 0.8848591 0
1 135 0 0.94113535 0
1 135 1 0.9616197 0
1 135 2 0.9751513 1
1 135 3 0.9636337 0
1 135 4 0.93848914 0
1 136 0 0.00035336975 0
1 136 1 0.00045970664 0
1 136 2 0.00036156407 0
1 136 3 0.000433436 0
1 136 4 0.0017639083 0
1 137 0 0.90345454 0
1 137 1 0.899357 0
1 137 2 0.8636308 0
1 137 3 0.8969222 0
1 137 4 0.83970577 0
1 138 0 0.9957769 1
1 138 1 0.9936802 1
1 138 2 0.98908126 1
1 138 3 0.9761869 1
1 138 4 0.93440026 0
1 139 0 0.9991058 1
1 139 1 0.9961283 1
1 139 2 0.996385 1
1 139 3 0.989501 1
1 139 4 0.96008366 1
1 140 0 0.999647 1
1 140 1 0.99935776 1
1 140 2 0.99818796 1
1 140 3 0.9954803 1
1 140 4 0.9818384 1
1 141 0 0.99267983 1
1 141 1 0.9922805 1
1 141 2 0.98171127 1
1 141 3 0.9581128 1
1 141 4 0.8499668 1
1 142 0 0.9284655 0
1 142 1 0.91732407 0
1 142 2 0.90326726 0
1 142 3 0.88507885 0
1 142 4 0.89407694 0
1 143 0 0.9229243 0
1 143 1 0.9150389 0
1 143 2 0.92292315 0
1 143 3 0.9156718 0
1 143 4 0.8792221 0
1 144 0 0.9948404 0
1 144 1 0.98384124 0
1 144 2 0.9575653 0
1 144 3 0.93736666 0
1 144 4 0.9003202 0
1 145 0 0.99788064 1
1 145 1 0.9974458 1
1 145 2 0.9913429 1
1 145 3 0.97554976 1
1 145 4 0.91882133 1
1 146 0 0.9534923 0
1 146 1 0.956934 0
1 146 2 0.96373713 0
1 146 3 0.94403243 0
1 146 4 0.93717813 0
1 147 0 0.99772704 1
1 147 1 0.9939509 1
1 147 2 0.9768715 1
1 147 3 0.9383187 1
1 147 4 0.8226551 1
1 148 0 0.99532187 1
1 148 1 0.9979922 1
1 148 2 0.98982465 1
1 148 3 0.9870839 1
1 148 4 0.95171005 1
1 149 0 0.95411164 0
1 149 1 0.9481753 0
1 149 2 0.94305503 0
1 149 3 0.924916 0
1 149 4 0.9224167 0
1 150 0 0.9509942 0
1 150 1 0.9466708 0
1 150 2 0.942597 0
1 150 3 0.9735387 0
1 150 4 0.945395 0
1 151 0 0.9919637 1
1 151 1 0.98972243 1
1 151 2 0.97259307 1
1 151 3 0.9368175 0
1 151 4 0.87092143 0
1 152 0 0.9367715 0
1 152 1 0.93211997 0
1 152 2 0.9276297 0
1 152 3 0.9200135 0
1 152 4 0.872847 0
1 153 0 0.97102946 0
1 153 1 0.9591895 0
1 153 2 0.9296781 0
1 153 3 0.89665717 0
1 153 4 0.91300946 0
1 154 0 0.9924667 1
1 154 1 0.9887107 1
1 154 2 0.9754215 1
1 154 3 0.9540281 0
1 154 4 0.9410534 0
1 155 0 0.972579 0
1 155 1 0.97164905 0
1 155 2 0.96780413 0
1 155 3 0.9514257 0
1 155 4 0.92898047 0
1 156 0 0.9956933 1
1 156 1 0.9958419 1
1 156 2 0.9914157 1
1 156 3 0.9783941 1
1 156 4 0.9237344 1
1 157 0 0.9930954 1
1 157 1 0.98333347 1
1 157 2 0.9679893 1
1 157 3 0.96514475 0
1 157 4 0.93477994 0
1 158 0 0.9766389 0
1 158 1 0.9740389 0
1 158 2 0.95820415 0
1 158 3 0.95746595 0
1 158 4 0.91531056 0
1 159 0 0.9936361 1
1 159 1 0.98828477 1
1 159 2 0.97608507 0
1 159 3 0.95741975 0
1 159 4 0.9257332 0
1 160 0 0.99010825 1
1 160 1 0.9816899 1
1 160 2 0.9766084 0
1 160 3 0.95708275 0
1 160 4 0.91299486 0
1 161 0 0.9905087 1
1 161 1 0.9889471 1
1 161 2 0.9817487 1
1 161 3 0.9686039 0
1 161 4 0.9468179 0
1 162 0 0.9415986 0
1 162 1 0.9337065 0
1 162 2 0.92610306 0
1 162 3 0.9040618 0
1 162 4 0.8438715 0
1 163 0 0.9599076 0
1 163 1 0.9403125 0
1 163 2 0.93730223 0
1 163 3 0.9389194 0
1 163 4 0.8942927 0
1 164 0 0.9838614 0
1 164 1 0.9713244 0
1 164 2 0.9598487 0
1 164 3 0.9413988 0
1 164 4 0.9121662 0
1 165 0 0.9802184 0
1 165 1 0.9818406 0
1 165 2 0.98908526 0
1 165 3 0.9810092 0
1 165 4 0.9791569 0
1 166 0 0.9967146 1
1 166 1 0.9975508 1
1 166 2 0.988668 1
1 166 3 0.98732346 1
1 166 4 0.95713794 0
1 167 0 0.8886209 0
1 167 1 0.95080453 0
1 167 2 0.9303514 0
1 167 3 0.8778377 0
1 167 4 0.85437036 0
1 168 0 0.96812296 0
1 168 1 0.9628618 0
1 168 2 0.9543793 0
1 168 3 0.94079477 0
1 168 4 0.92587465 0
1 169 0 0.9944224 1
1 169 1 0.9911666 1
1 169 2 0.9777989 1
1 169 3 0.95412236 1
1 169 4 0.93564826 0
1 170 0 0.9841858 0
1 170 1 0.9792694 0
1 170 2 0.95974946 0
1 170 3 0.9447815 0
1 170 4 0.9384817 0
1 171 0 0.9224487 0
1 171 1 0.91192156 0
1 171 2 0.91049385 0
1 171 3 0.8857952 0
1 171 4 0.8003311 0
1 172 0 0.98496956 0
1 172 1 0.9821948 0
1 172 2 0.9755375 0
1 172 3 0.96736306 0
1 172 4 0.9504714 0
1 179 0 0.92077214 0
1 179 1 0.92422765 0
1 179 2 0.9047848 0
1 179 3 0.92347234 0
1 179 4 0.8700455 0
1 198 0 0.9124004 0
1 198 1 0.91738164 0
1 198 2 0.92117655 0
1 198 3 0.9097676 0
1 198 4 0.8983979 0
1 202 0 0.9628304 0
1 202 1 0.9595478 0
1 202 2 0.94145477 0
1 202 3 0.94562006 0
1 202 4 0.8855703 0
1 241 0 0.9386685 0
1 241 1 0.9359197 0
1 241 2 0.93719286 0
1 241 3 0.9110455 0
1 241 4 0.9014977 0
1 242 0 0.95063514 0
1 242 1 0.9587387 0
1 242 2 0.93508196 0
1 242 3 0.9312892 0
1 242 4 0.88555276 0
1 296 0 0.956136 0
1 296 1 0.9536575 0
1 296 2 0.9336958 0
1 296 3 0.98195034 0
1 296 4 0.955523 0
1 391 0 0.6922407 0
1 391 1 0.6858739 0
1 391 2 0.6725809 0
1 391 3 0.6343817 0
1 391 4 0.64564383 0
1 519 0 0.99491 0
1 519 1 0.9939586 0
1 519 2 0.9862713 0
1 519 3 0.9696201 0
1 519 4 0.9477487 0
1 650 0 0.96850467 0
1 650 1 0.9766432 0
1 650 2 0.963719 0
1 650 3 0.964901 0
1 650 4 0.931466 0
1 2751 0 0.2258276 0
1 2751 1 0.34492892 0
1 2751 2 0.46390754 0
1 2751 3 0.6952219 0
1 2751 4 0.6961922 0
2 22 0 0.99810755 1
2 22 1 0.99591166 1
2 22 2 0.98657805 1
2 22 3 0.96343327 1
2 22 4 0.8617384 1
2 23 0 0.9922482 1
2 23 1 0.980529 1
2 23 2 0.9429483 1
2 23 3 0.863461 1
2 23 4 0.8669352 0
2 24 0 0.9996713 1
2 24 1 0.99943423 1
2 24 2 0.9981377 1
2 24 3 0.9933334 1
2 24 4 0.97811496 1
2 25 0 0.8400021 0
2 25 1 0.87050253 0
2 25 2 0.81388617 0
2 25 3 0.7464022 0
2 25 4 0.69300675 0
2 27 0 0.99574125 1
2 27 1 0.9902141 1
2 27 2 0.96995676 1
2 27 3 0.9219974 1
2 27 4 0.73475873 1
2 28 0 0.6832995 1
2 28 1 0.7404081 1
2 28 2 0.6791159 1
2 28 3 0.5711634 1
2 28 4 0.4747057 0
2 29 0 0.9993528 1
2 29 1 0.99828094 1
2 29 2 0.994734 1
2 29 3 0.98506457 1
2 29 4 0.9442935 1
2 30 0 0.08207905 0
2 30 1 0.08196787 0
2 30 2 0.081480496 0
2 30 3 0.08042921 0
2 30 4 0.07647005 0
2 31 0 0.8213113 0
2 31 1 0.80066276 0
2 31 2 0.7894509 0
2 31 3 0.83157974 0
2 31 4 0.7272717 0
2 32 0 0.99929947 1
2 32 1 0.9961459 1
2 32 2 0.9920209 1
2 32 3 0.98396224 1
2 32 4 0.9396095 1
2 33 0 0.9962908 1
2 33 1 0.9900497 1
2 33 2 0.9791784 1
2 33 3 0.9480234 1
2 33 4 0.8375249 0
2 34 0 0.995127 1
2 34 1 0.990352 1
2 34 2 0.97525716 1
2 34 3 0.93899715 1
2 34 4 0.8356348 0
2 35 0 0.94437027 1
2 35 1 0.9304705 0
2 35 2 0.9182187 0
2 35 3 0.88002235 0
2 35 4 0.86950356 0
2 36 0 0.9066199 0
2 36 1 0.8796005 0
2 36 2 0.8761595 0
2 36 3 0.8329937 0
2 36 4 0.8065071 0
2 38 0 0.84238946 0
2 38 1 0.88749903 0
2 38 2 0.8398588 0
2 38 3 0.8351282 0
2 38 4 0.7892503 0
2 40 0 0.9956962 1
2 40 1 0.991528 1
2 40 2 0.97711116 1
2 40 3 0.9410938 1
2 40 4 0.8046356 1
2 41 0 0.9990231 1
2 41 1 0.9989031 1
2 41 2 0.9956594 1
2 41 3 0.9889522 1
2 41 4 0.95489895 1
2 42 0 0.99747604 1
2 42 1 0.9932573 1
2 42 2 0.97973 1
2 42 3 0.9474121 1
2 42 4 0.81756455 1
2 43 0 0.94109344 1
2 43 1 0.9393686 0
2 43 2 0.95091504 0
2 43 3 0.9125156 0
2 43 4 0.9220936 0
2 44 0 0.99255323 1
2 44 1 0.9828527 1
2 44 2 0.95234114 1
2 44 3 0.88991404 1
2 44 4 0.70462793 1
2 45 0 0.8303379 0
2 45 1 0.81871676 0
2 45 2 0.805134 0
2 45 3 0.7922061 0
2 45 4 0.811286 0
2 46 0 0.958521 1
2 46 1 0.92881066 1
2 46 2 0.846577 1
2 46 3 0.755095 0
2 46 4 0.72380286 0
2 47 0 0.97057474 0
2 47 1 0.9663908 0
2 47 2 0.97161967 0
2 47 3 0.94759876 0
2 47 4 0.91194755 0
2 48 0 0.87152857 0
2 48 1 0.83361816 0
2 48 2 0.7391021 0
2 48 3 0.7234485 0
2 48 4 0.7371816 0
2 49 0 0.9418927 1
2 49 1 0.9256584 1
2 49 2 0.87323034 1
2 49 3 0.83714765 0
2 49 4 0.76843244 0
2 50 0 0.9966944 1
2 50 1 0.993705 1
2 50 2 0.98278457 1
2 50 3 0.95872045 1
2 50 4 0.85167754 1
2 51 0 0.9988061 1
2 51 1 0.998092 1
2 51 2 0.99388504 1
2 51 3 0.9833775 1
2 51 4 0.93634135 1
2 52 0 0.99851304 1
2 52 1 0.9970116 1
2 52 2 0.9890041 1
2 52 3 0.970881 1
2 52 4 0.89019966 1
2 54 0 0.9133529 0
2 54 1 0.8812405 0
2 54 2 0.87876874 0
2 54 3 0.86470664 0
2 54 4 0.8525798 0
2 55 0 0.9995425 1
2 55 1 0.99934864 1
2 55 2 0.99810153 1
2 55 3 0.9954905 1
2 55 4 0.9582228 1
2 56 0 0.99880135 1
2 56 1 0.9964885 1
2 56 2 0.99369943 1
2 56 3 0.98408884 1
2 56 4 0.9408291 1
2 57 0 0.97773254 0
2 57 1 0.969818 0
2 57 2 0.92465246 0
2 57 3 0.8562396 0
2 57 4 0.8013342 0
2 58 0 0.98129874 1
2 58 1 0.97783667 1
2 58 2 0.95358354 1
2 58 3 0.91577005 0
2 58 4 0.8592959 0
2 59 0 0.9984332 1
2 59 1 0.9973091 1
2 59 2 0.9933076 1
2 59 3 0.97741395 1
2 59 4 0.9025986 1
2 60 0 0.99320406 1
2 60 1 0.9888478 1
2 60 2 0.9768097 1
2 60 3 0.9448488 1
2 60 4 0.8017856 1
2 61 0 0.8902 1
2 61 1 0.86607826 1
2 61 2 0.9520136 0
2 61 3 0.8644412 0
2 61 4 0.8216759 0
2 62 0 0.99647635 1
2 62 1 0.9948127 1
2 62 2 0.9869601 1
2 62 3 0.9629908 1
2 62 4 0.9097669 0
2 63 0 0.9995331 1
2 63 1 0.9985329 1
2 63 2 0.9958137 1
2 63 3 0.9907369 1
2 63 4 0.9654186 1
2 64 0 0.9987463 1
2 64 1 0.99649405 1
2 64 2 0.9926413 1
2 64 3 0.9861794 1
2 64 4 0.9464521 1
2 65 0 0.9869022 1
2 65 1 0.98364276 1
2 65 2 0.97931194 1
2 65 3 0.9680836 1
2 65 4 0.94006205 0
2 66 0 0.90906864 0
2 66 1 0.9054231 0
2 66 2 0.90556896 0
2 66 3 0.8875601 0
2 66 4 0.79883206 0
2 67 0 0.9965256 1
2 67 1 0.99503994 1
2 67 2 0.9876129 1
2 67 3 0.9613422 1
2 67 4 0.86851144 1
2 68 0 0.99670357 1
2 68 1 0.9974179 1
2 68 2 0.99322754 1
2 68 3 0.98867935 1
2 68 4 0.9590819 1
2 69 0 0.99529153 1
2 69 1 0.9942144 1
2 69 2 0.98488045 1
2 69 3 0.9681699 1
2 69 4 0.93517196 0
2 70 0 0.9982604 1
2 70 1 0.99743533 1
2 70 2 0.9927872 1
2 70 3 0.97909236 1
2 70 4 0.92514926 1
2 71 0 0.9989875 1
2 71 1 0.9981943 1
2 71 2 0.9961132 1
2 71 3 0.9895722 1
2 71 4 0.9605007 1
2 72 0 0.8548727 0
2 72 1 0.87481296 0
2 72 2 0.8433067 0
2 72 3 0.85020185 0
2 72 4 0.8041816 0
2 73 0 0.9975923 1
2 73 1 0.9955132 1
2 73 2 0.98699844 1
2 73 3 0.96602374 1
2 73 4 0.88011646 1
2 74 0 0.9395882 0
2 74 1 0.939455 0
2 74 2 0.9103282 0
2 74 3 0.89621437 0
2 74 4 0.8007963 0
2 75 0 6.021678e-06 1
2 75 1 2.3275093e-23 1
2 75 2 5.680552e-12 1
2 75 3 0.0013816624 1
2 75 4 6.8879785e-22 1
2 76 0 0.9996474 1
2 76 1 0.99954146 1
2 76 2 0.9988085 1
2 76 3 0.9967398 1
2 76 4 0.9881737 1
2 77 0 0.8122687 0
2 77 1 0.81884384 0
2 77 2 0.8191295 0
2 77 3 0.8297499 0
2 77 4 0.7597831 0
2 78 0 0.99961257 1
2 78 1 0.99925554 1
2 78 2 0.99738955 1
2 78 3 0.9932365 1
2 78 4 0.97368944 1
2 79 0 0.9848712 0
2 79 1 0.9767832 0
2 79 2 0.96973026 0
2 79 3 0.9488934 0
2 79 4 0.98997 0
2 80 0 0.9829959 1
2 80 1 0.9762625 1
2 80 2 0.9575105 1
2 80 3 0.9101026 0
2 80 4 0.9043305 0
2 81 0 0.9234471 0
2 81 1 0.9052729 0
2 81 2 0.8816042 0
2 81 3 0.8711774 0
2 81 4 0.8597797 0
2 82 0 0.96496385 0
2 82 1 0.94960564 0
2 82 2 0.9378851 0
2 82 3 0.91353923 0
2 82 4 0.8906955 0
2 83 0 0.9995519 1
2 83 1 0.999052 1
2 83 2 0.9972557 1
2 83 3 0.99276936 1
2 83 4 0.9704828 1
2 84 0 0.9292726 0
2 84 1 0.9365866 0
2 84 2 0.9427797 0
2 84 3 0.91585106 0
2 84 4 0.89773786 0
2 85 0 0.99922293 1
2 85 1 0.99818546 1
2 85 2 0.9939804 1
2 85 3 0.985905 1
2 85 4 0.9503962 1
2 86 0 0.9878679 1
2 86 1 0.98523396 1
2 86 2 0.96646523 1
2 86 3 0.9195834 1
2 86 4 0.7967826 0
2 87 0 0.9999315 1
2 87 1 0.9993545 1
2 87 2 0.9995425 1
2 87 3 0.9984167 1
2 87 4 0.991721 1
2 88 0 0.94135207 0
2 88 1 0.92200816 0
2 88 2 0.8674996 0
2 88 3 0.84538543 0
2 88 4 0.7830495 0
2 89 0 0.9980179 1
2 89 1 0.99804455 1
2 89 2 0.99538827 1
2 89 3 0.98862964 1
2 89 4 0.96091336 1
2 90 0 0.9948006 1
2 90 1 0.98785084 1
2 90 2 0.96802753 0
2 90 3 0.95512366 0
2 90 4 0.93197197 0
2 91 0 0.99821156 1
2 91 1 0.9956962 1
2 91 2 0.98857546 1
2 91 3 0.9682505 1
2 91 4 0.8878432 1
2 92 0 0.9708032 0
2 92 1 0.96016836 0
2 92 2 0.90930337 0
2 92 3 0.82430226 0
2 92 4 0.81245124 0
2 93 0 0.99859214 1
2 93 1 0.99779415 1
2 93 2 0.9950844 1
2 93 3 0.9867912 1
2 93 4 0.95793825 1
2 94 0 0.99903053 1
2 94 1 0.9977098 1
2 94 2 0.9924568 1
2 94 3 0.98197746 1
2 94 4 0.95261085 1
2 95 0 0.9992492 1
2 95 1 0.9986804 1
2 95 2 0.9968935 1
2 95 3 0.9919649 1
2 95 4 0.9691126 1
2 96 0 0.9605099 0
2 96 1 0.950633 0
2 96 2 0.9730548 0
2 96 3 0.9495 0
2 96 4 0.9142102 0
2 97 0 0.9518904 0
2 97 1 0.9500693 0
2 97 2 0.9418035 0
2 97 3 0.93561363 0
2 97 4 0.90316707 0
2 98 0 0.99343 1
2 98 1 0.98997587 1
2 98 2 0.97908205 0
2 98 3 0.97471565 0
2 98 4 0.9512201 0
2 99 0 0.96437347 0
2 99 1 0.9578526 0
2 99 2 0.95022374 0
2 99 3 0.9251645 0
2 99 4 0.87721944 0
2 100 0 0.9972191 1
2 100 1 0.9926735 1
2 100 2 0.98588234 1
2 100 3 0.9662362 1
2 100 4 0.88843066 1
2 101 0 0.99748 1
2 101 1 0.9952151 1
2 101 2 0.9870216 1
2 101 3 0.9665591 1
2 101 4 0.8849543 1
2 102 0 0.9996676 1
2 102 1 0.99912184 1
2 102 2 0.998591 1
2 102 3 0.99386144 1
2 102 4 0.97651285 1
2 103 0 0.89839345 1
2 103 1 0.8865175 1
2 103 2 0.9646027 0
2 103 3 0.92963195 0
2 103 4 0.9092348 0
2 104 0 0.909737 0
2 104 1 0.9073462 0
2 104 2 0.88644 0
2 104 3 0.8423932 0
2 104 4 0.9727047 0
2 105 0 0.998228 1
2 105 1 0.9961541 1
2 105 2 0.9890507 1
2 105 3 0.97367114 1
2 105 4 0.9207063 0
2 106 0 0.9757054 0
2 106 1 0.9603363 0
2 106 2 0.94909817 0
2 106 3 0.94411373 0
2 106 4 0.90069884 0
2 107 0 0.9488155 0
2 107 1 0.94946665 0
2 107 2 0.9431947 0
2 107 3 0.9318852 0
2 107 4 0.90141356 0
2 108 0 0.99712664 1
2 108 1 0.9952709 1
2 108 2 0.9886092 1
2 108 3 0.972293 1
2 108 4 0.9067452 0
2 109 0 0.9898026 1
2 109 1 0.98562694 1
2 109 2 0.97821367 0
2 109 3 0.97217757 0
2 109 4 0.92987204 0
2 110 0 0.9933948 1
2 110 1 0.9895343 1
2 110 2 0.98751795 1
2 110 3 0.96772045 1
2 110 4 0.94363844 0
2 111 0 0.9245742 0
2 111 1 0.9243117 0
2 111 2 0.92216086 0
2 111 3 0.96350634 0
2 111 4 0.90290076 0
2 112 0 0.7171306 0
2 112 1 0.71509075 0
2 112 2 0.72410727 0
2 112 3 0.6806832 0
2 112 4 0.5356709 0
2 113 0 0.99969655 1
2 113 1 0.9996382 1
2 113 2 0.9997178 1
2 113 3 0.9984486 1
2 113 4 0.99443936 1
2 114 0 0.9508706 0
2 114 1 0.9832631 0
2 114 2 0.9729684 0
2 114 3 0.9462755 0
2 114 4 0.947887 0
2 115 0 0.9986847 1
2 115 1 0.9974448 1
2 115 2 0.99376714 1
2 115 3 0.9828838 1
2 115 4 0.9354522 1
2 116 0 0.9926806 0
2 116 1 0.98659974 0
2 116 2 0.96525604 0
2 116 3 0.96673113 0
2 116 4 0.95857614 0
2 117 0 0.97604007 0
2 117 1 0.97497165 0
2 117 2 0.9751214 0
2 117 3 0.968747 0
2 117 4 0.9392985 0
2 118 0 0.97935474 0
2 118 1 0.96445686 0
2 118 2 0.9442588 0
2 118 3 0.95750546 0
2 118 4 0.90560937 0
2 119 0 0.99685276 1
2 119 1 0.98955494 1
2 119 2 0.97293687 1
2 119 3 0.95912534 1
2 119 4 0.8917902 0
2 120 0 0.9662445 1
2 120 1 0.9560763 1
2 120 2 0.9589069 0
2 120 3 0.95389676 0
2 120 4 0.94449025 0
2 121 0 0.940777 0
2 121 1 0.9349282 0
2 121 2 0.9147696 0
2 121 3 0.938532 0
2 121 4 0.9057213 0
2 122 0 0.8987202 0
2 122 1 0.8948516 0
2 122 2 0.94080836 0
2 122 3 0.9003662 0
2 122 4 0.8631464 0
2 123 0 0.9943146 1
2 123 1 0.99343306 1
2 123 2 0.98393726 1
2 123 3 0.9618118 1
2 123 4 0.9230317 0
2 124 0 0.94454294 0
2 124 1 0.98099804 0
2 124 2 0.9618843 0
2 124 3 0.96491444 0
2 124 4 0.9413754 0
2 125 0 0.9463873 0
2 125 1 0.9291672 0
2 125 2 0.9347728 0
2 125 3 0.8979275 0
2 125 4 0.86411035 0
2 126 0 0.9882529 1
2 126 1 0.9836166 1
2 126 2 0.97430605 0
2 126 3 0.9681479 0
2 126 4 0.92656666 0
2 127 0 0.9986393 1
2 127 1 0.99827546 1
2 127 2 0.9960476 1
2 127 3 0.98658454 1
2 127 4 0.9602441 1
2 128 0 0.9948006 1
2 128 1 0.99216574 1
2 128 2 0.9830405 1
2 128 3 0.9687623 0
2 128 4 0.95442176 0
2 129 0 0.98213637 0
2 129 1 0.97555286 0
2 129 2 0.9673589 0
2 129 3 0.9485353 0
2 129 4 0.9406013 0
2 130 0 0.9582886 0
2 130 1 0.9552631 0
2 130 2 0.93669796 0
2 130 3 0.9298277 0
2 130 4 0.9198661 0
2 131 0 0.96859056 0
2 131 1 0.95816106 0
2 131 2 0.9558862 0
2 131 3 0.9488147 0
2 131 4 0.9406102 0
2 132 0 0.949376 0
2 132 1 0.94540685 0
2 132 2 0.9376886 0
2 132 3 0.92726636 0
2 132 4 0.8881304 0
2 133 0 0.95484054 0
2 133 1 0.9415769 0
2 133 2 0.9182196 0
2 133 3 0.92342347 0
2 133 4 0.8794032 0
2 134 0 0.9431267 0
2 134 1 0.9418781 0
2 134 2 0.9242708 0
2 134 3 0.9154436 0
2 134 4 0.8869546 0
2 135 0 0.95209855 0
2 135 1 0.9395048 0
2 135 2 0.91017956 0
2 135 3 0.90551805 0
2 135 4 0.8963809 0
2 136 0 0.98785 0
2 136 1 0.9825496 0
2 136 2 0.9733175 0
2 136 3 0.9789608 0
2 136 4 0.9544675 0
2 137 0 0.98226714 1
2 137 1 0.9730209 0
2 137 2 0.976713 1
2 137 3 0.97187656 0
2 137 4 0.95459443 0
2 138 0 0.9961554 1
2 138 1 0.9927942 1
2 138 2 0.98768824 1
2 138 3 0.97212803 1
2 138 4 0.9074229 0
2 139 0 0.9492624 0
2 139 1 0.9693567 0
2 139 2 0.957179 0
2 139 3 0.9504725 0
2 139 4 0.9299173 0
2 140 0 0.99441457 1
2 140 1 0.99028563 1
2 140 2 0.9843349 1
2 140 3 0.9695421 1
2 140 4 0.93112063 0
2 141 0 0.99904287 1
2 141 1 0.99857086 1
2 141 2 0.9965872 1
2 141 3 0.9923897 1
2 141 4 0.97014505 1
2 142 0 0.9736995 0
2 142 1 0.96581286 0
2 142 2 0.9538688 0
2 142 3 0.9497064 0
2 142 4 0.9206189 0
2 143 0 0.975904 0
2 143 1 0.9732953 0
2 143 2 0.9607221 0
2 143 3 0.9252597 0
2 143 4 0.9403834 0
2 144 0 0.9992989 1
2 144 1 0.99864745 1
2 144 2 0.997132 1
2 144 3 0.9927825 1
2 144 4 0.9707369 1
2 145 0 0.96961737 0
2 145 1 0.9643892 0
2 145 2 0.96753097 0
2 145 3 0.9514253 0
2 145 4 0.92399174 0
2 146 0 0.9660737 1
2 146 1 0.9604657 1
2 146 2 0.9557734 0
2 146 3 0.9378207 0
2 146 4 0.9255475 0
2 147 0 0.9190168 0
2 147 1 0.91698915 0
2 147 2 0.8946436 0
2 147 3 0.8593379 0
2 147 4 0.84525573 0
2 148 0 0.9905978 0
2 148 1 0.98699445 0
2 148 2 0.97874135 0
2 148 3 0.96475035 0
2 148 4 0.9568721 0
2 149 0 0.90720725 0
2 149 1 0.90451664 0
2 149 2 0.90632206 0
2 149 3 0.84634906 0
2 149 4 0.7500079 0
2 150 0 0.99808663 1
2 150 1 0.99763924 1
2 150 2 0.99547654 1
2 150 3 0.98835343 1
2 150 4 0.9549836 1
2 151 0 0.9219647 0
2 151 1 0.98512775 0
2 151 2 0.9578997 0
2 151 3 0.91884416 0
2 151 4 0.9363674 0
2 152 0 0.9612702 0
2 152 1 0.95200473 0
2 152 2 0.9633841 0
2 152 3 0.9396403 0
2 152 4 0.93299687 0
2 153 0 0.99865586 1
2 153 1 0.9947709 1
2 153 2 0.9883969 1
2 153 3 0.97928494 1
2 153 4 0.9313284 1
2 154 0 0.9909527 1
2 154 1 0.9881776 1
2 154 2 0.9768325 1
2 154 3 0.9648419 0
2 154 4 0.9369134 0
2 155 0 0.870417 0
2 155 1 0.888374 0
2 155 2 0.90145946 0
2 155 3 0.8602489 0
2 155 4 0.80816984 0
2 156 0 0.9057369 0
2 156 1 0.91814655 0
2 156 2 0.90659726 0
2 156 3 0.83259636 0
2 156 4 0.8217306 0
2 157 0 0.99820876 0
2 157 1 0.9818933 0
2 157 2 0.9760769 0
2 157 3 0.97054094 0
2 157 4 0.9521359 0
2 158 0 0.99328417 1
2 158 1 0.985288 1
2 158 2 0.97056717 1
2 158 3 0.9531747 0
2 158 4 0.9196036 0
2 159 0 0.9926343 1
2 159 1 0.9924466 1
2 159 2 0.98711145 1
2 159 3 0.981953 1
2 159 4 0.9758012 1
2 162 0 0.9780946 0
2 162 1 0.9725443 0
2 162 2 0.95437175 0
2 162 3 0.93734926 0
2 162 4 0.91224265 0
2 174 0 0.9898957 1
2 174 1 0.9868162 1
2 174 2 0.9798386 1
2 174 3 0.96781296 0
2 174 4 0.9570608 0
2 191 0 0.9749734 0
2 191 1 0.9714757 0
2 191 2 0.99155766 0
2 191 3 0.98595375 0
2 191 4 0.9692913 0
2 202 0 0.9393649 0
2 202 1 0.9359657 0
2 202 2 0.9205913 0
2 202 3 0.90688336 0
2 202 4 0.9119951 0
2 237 0 0.9813585 0
2 237 1 0.9632185 0
2 237 2 0.9445715 0
2 237 3 0.92742157 0
2 237 4 0.8482568 0
2 480 0 0.88703847 0
2 480 1 0.9377358 0
2 480 2 0.9420356 0
2 480 3 0.9389574 0
2 480 4 0.9004782 0
2 724 0 0.95515966 0
2 724 1 0.9543138 0
2 724 2 0.94921434 0
2 724 3 0.969788 0
2 724 4 0.9650688 0
2 2159 0 0.98130435 0
2 2159 1 0.9650584 0
2 2159 2 0.9561174 0
2 2159 3 0.9494639 0
2 2159 4 0.9134834 0
2 2179 0 1.0 1
2 2179 1 1.0 1
2 2179 2 1.0 1
2 2179 3 1.0 1
2 2179 4 1.0 1
3 27 1 0.9927299 1
3 27 2 0.97532654 1
3 27 3 0.9362605 1
3 28 1 0.78739434 1
3 28 2 0.6992123 1
3 28 3 0.5645673 1
3 29 1 0.9905656 1
3 29 2 0.9759832 1
3 29 3 0.93886685 1
3 30 1 0.9512525 1
3 30 2 0.8807747 0
3 30 3 0.76778054 0
3 31 1 0.99965674 1
3 31 2 0.99941695 1
3 31 3 0.99847615 1
3 32 1 0.8854261 0
3 32 2 0.8900941 0
3 32 3 0.85241914 0
3 33 1 0.9994177 1
3 33 2 0.998246 1
3 33 3 0.9949982 1
3 34 1 0.71591824 0
3 34 2 0.7522401 0
3 34 3 0.6963674 0
3 35 1 0.91339284 1
3 35 2 0.8530077 0
3 35 3 0.80037755 0
3 36 1 0.9974028 1
3 36 2 0.99315244 1
3 36 3 0.982793 1
3 37 1 0.9992989 1
3 37 2 0.99746734 1
3 37 3 0.990653 1
3 38 1 0.8750036 0
3 38 2 0.80860245 0
3 38 3 0.80363613 0
3 39 1 0.845646 1
3 39 2 0.7938705 1
3 39 3 0.75986993 0
3 40 1 0.8859147 0
3 40 2 0.8080313 0
3 40 3 0.8403383 0
3 41 1 0.8371192 0
3 41 2 0.7930077 0
3 41 3 0.76754856 0
3 42 1 0.99863386 1
3 42 2 0.9957007 1
3 42 3 0.98816895 1
3 43 1 0.94860786 1
3 43 2 0.91267616 0
3 43 3 0.8723997 0
3 44 1 0.9406925 1
3 44 2 0.86102927 1
3 44 3 0.76573503 0
3 45 1 0.99950886 1
3 45 2 0.99906075 1
3 45 3 0.996107 1
3 46 1 0.9960844 1
3 46 2 0.98618 1
3 46 3 0.97169983 1
3 47 1 0.9401541 1
3 47 2 0.88902754 0
3 47 3 0.8286302 0
3 48 1 0.99490196 1
3 48 2 0.990809 1
3 48 3 0.9735872 1
3 49 1 0.9987663 1
3 49 2 0.9967574 1
3 49 3 0.9927729 1
3 50 1 0.99967724 1
3 50 2 0.99902016 1
3 50 3 0.9965527 1
3 51 1 0.97771555 1
3 51 2 0.9463245 1
3 51 3 0.875463 1
3 54 1 0.9751442 1
3 54 2 0.9336437 1
3 54 3 0.8439696 0
3 55 1 0.9961249 1
3 55 2 0.9908243 1
3 55 3 0.9761063 1
3 56 1 0.96682817 1
3 56 2 0.938605 1
3 56 3 0.9149294 1
3 57 1 0.8860672 0
3 57 2 0.86174166 0
3 57 3 0.8320104 0
3 58 1 0.929482 0
3 58 2 0.9205159 0
3 58 3 0.9189853 0
3 59 1 0.98200476 1
3 59 2 0.9637211 1
3 59 3 0.9412254 0
3 60 1 0.9941694 1
3 60 2 0.9847312 1
3 60 3 0.96422523 1
3 61 1 0.9871685 1
3 61 2 0.9707 1
3 61 3 0.9372484 0
3 62 1 0.98975825 1
3 62 2 0.9744844 1
3 62 3 0.9477702 0
3 63 1 0.9891352 1
3 63 2 0.97056097 1
3 63 3 0.9251172 1
3 64 1 0.99615794 1
3 64 2 0.9893016 1
3 64 3 0.9734195 1
3 65 1 0.9951679 1
3 65 2 0.9859714 1
3 65 3 0.96377593 1
3 66 1 0.91526043 0
3 66 2 0.89265853 0
3 66 3 0.86858034 0
3 67 1 0.86044174 0
3 67 2 0.89288217 0
3 67 3 0.8914472 0
3 68 1 0.99776304 1
3 68 2 0.99300766 1
3 68 3 0.97981966 1
3 69 1 0.96575344 1
3 69 2 0.9226981 1
3 69 3 0.8976149 0
3 70 1 0.9854901 1
3 70 2 0.9699659 1
3 70 3 0.9283018 1
3 71 1 0.9948216 1
3 71 2 0.9813018 1
3 71 3 0.98162776 1
3 72 1 0.96571475 0
3 72 2 0.92947733 0
3 72 3 0.8869576 0
3 73 1 0.90497655 0
3 73 2 0.87543124 0
3 73 3 0.97209495 0
3 74 1 0.99800694 1
3 74 2 0.99369997 1
3 74 3 0.9921267 1
3 75 1 0.98069084 1
3 75 2 0.95399487 1
3 75 3 0.9362139 0
3 76 1 0.9468547 0
3 76 2 0.93224347 0
3 76 3 0.90792686 0
3 77 1 0.9379145 0
3 77 2 0.9412248 0
3 77 3 0.9290378 0
3 78 1 0.9956335 1
3 78 2 0.9868549 1
3 78 3 0.96517575 1
3 79 1 0.98586184 1
3 79 2 0.9630242 1
3 79 3 0.9245857 0
3 80 1 0.88331693 0
3 80 2 0.9059597 0
3 80 3 0.8896009 0
3 81 1 0.99432606 1
3 81 2 0.9824093 1
3 81 3 0.9567463 1
3 82 1 0.9996521 1
3 82 2 0.99816734 1
3 82 3 0.99994713 1
3 83 1 0.99687374 1
3 83 2 0.9941164 1
3 83 3 0.98553574 1
3 84 1 0.9946796 1
3 84 2 0.9932321 1
3 84 3 0.97721446 1
3 85 1 0.99203056 1
3 85 2 0.9802222 1
3 85 3 0.95612794 0
3 86 1 0.96915567 0
3 86 2 0.9579182 0
3 86 3 0.95092905 0
3 87 1 0.9470948 0
3 87 2 0.9469234 0
3 87 3 0.9350157 0
3 88 1 0.8849215 1
3 88 2 0.98599654 0
3 88 3 0.9552307 0
3 89 1 0.99160975 1
3 89 2 0.9807281 1
3 89 3 0.9536027 1
3 90 1 0.9933182 1
3 90 2 0.9842831 1
3 90 3 0.96382266 1
3 91 1 0.92222106 0
3 91 2 0.8460253 0
3 91 3 0.84334 0
3 92 1 0.9154687 0
3 92 2 0.9092259 0
3 92 3 0.9028077 0
3 93 1 0.9919531 1
3 93 2 0.97367585 1
3 93 3 0.94509774 1
3 94 1 0.99541396 1
3 94 2 0.98880935 1
3 94 3 0.9745413 1
3 95 1 0.99056554 1
3 95 2 0.97782415 1
3 95 3 0.95964676 0
3 96 1 0.9976014 1
3 96 2 0.9942971 1
3 96 3 0.9880006 1
3 97 1 0.9976156 1
3 97 2 0.99264747 1
3 97 3 0.98384935 1
3 98 1 0.92339355 0
3 98 2 0.9158995 0
3 98 3 0.87623525 0
3 99 1 0.99987096 1
3 99 2 0.9996639 1
3 99 3 0.9952643 1
3 100 1 0.9971887 1
3 100 2 0.99489266 1
3 100 3 0.98990965 1
3 101 1 0.93047297 0
3 101 2 0.91491777 0
3 101 3 0.9080319 0
3 102 1 0.9985484 1
3 102 2 0.9964526 1
3 102 3 0.992559 1
3 103 1 0.99947965 1
3 103 2 0.9980203 1
3 103 3 0.9959624 1
3 104 1 0.9897203 1
3 104 2 0.97587705 1
3 104 3 0.9618329 1
3 105 1 0.94454974 0
3 105 2 0.9420599 0
3 105 3 0.9282057 0
3 106 1 0.974258 0
3 106 2 0.9716932 0
3 106 3 0.9665073 0
3 107 1 0.99308854 1
3 107 2 0.98517513 1
3 107 3 0.96656686 1
3 108 1 0.9002002 0
3 108 2 0.86470157 0
3 108 3 0.96865606 0
3 109 1 0.8481961 0
3 109 2 0.8526658 0
3 109 3 0.8402478 0
3 110 1 0.99240494 1
3 110 2 0.978986 1
3 110 3 0.9468577 1
3 111 1 0.9613933 0
3 111 2 0.96664697 0
3 111 3 0.96720445 0
3 112 1 0.99008936 1
3 112 2 0.98618203 1
3 112 3 0.97331995 0
3 113 1 0.9973697 1
3 113 2 0.99151355 1
3 113 3 0.97797257 1
3 114 1 0.9989208 1
3 114 2 0.9967386 1
3 114 3 0.9887451 1
3 115 1 0.96617377 1
3 115 2 0.96524864 0
3 115 3 0.95732254 0
3 116 1 0.94500464 0
3 116 2 0.933268 0
3 116 3 0.91571015 0
3 117 1 0.994271 1
3 117 2 0.99373543 1
3 117 3 0.9858082 1
3 118 1 0.99943095 1
3 118 2 0.9984238 1
3 118 3 0.9930616 1
3 119 1 0.99945354 1
3 119 2 0.9963463 1
3 119 3 0.9937709 1
3 120 1 0.85683477 0
3 120 2 0.86406934 0
3 120 3 0.82218695 0
3 121 1 0.9056897 0
3 121 2 0.91675776 0
3 121 3 0.8891861 0
3 122 1 0.9680855 0
3 122 2 0.9436471 0
3 122 3 0.9258847 0
3 123 1 0.9762325 0
3 123 2 0.9694835 0
3 123 3 0.9664142 0
3 124 1 0.99214554 1
3 124 2 0.98722786 1
3 124 3 0.95512086 0
3 125 1 0.94635254 0
3 125 2 0.9436585 0
3 125 3 0.92480576 0
3 126 1 0.99804854 1
3 126 2 0.9948704 1
3 126 3 0.98749226 1
3 127 1 0.9952411 1
3 127 2 0.98542327 1
3 127 3 0.9651565 1
3 128 1 0.992571 1
3 128 2 0.9868438 1
3 128 3 0.97161543 1
3 129 1 0.9869287 0
3 129 2 0.9717954 0
3 129 3 0.9614174 0
3 130 1 0.9995847 1
3 130 2 0.9988901 1
3 130 3 0.99765426 1
3 131 1 0.96192455 0
3 131 2 0.9609049 0
3 131 3 0.95836544 0
3 132 1 0.9759834 0
3 132 2 0.9656607 0
3 132 3 0.9605135 0
3 133 1 0.9974579 1
3 133 2 0.99308294 1
3 133 3 0.9834571 1
3 134 1 0.9492271 0
3 134 2 0.9067957 0
3 134 3 0.9398749 0
3 135 1 0.99617153 1
3 135 2 0.9910686 1
3 135 3 0.98383677 1
3 136 1 0.99495643 1
3 136 2 0.991164 1
3 136 3 0.9828904 1
3 137 1 0.9979125 1
3 137 2 0.9946241 1
3 137 3 0.9864148 1
3 138 1 0.99653924 1
3 138 2 0.9932607 1
3 138 3 0.98296434 1
3 139 1 0.9977934 1
3 139 2 0.99656206 1
3 139 3 0.9945583 1
3 140 1 0.9989767 1
3 140 2 0.99830884 1
3 140 3 0.9965767 1
3 141 1 0.98373145 0
3 141 2 0.97271293 0
3 141 3 0.9605192 0
3 142 1 0.99968946 1
3 142 2 0.99973404 1
3 142 3 0.9991609 1
3 143 1 0.91526407 0
3 143 2 0.8938038 0
3 143 3 0.9406125 0
3 144 1 0.99098957 1
3 144 2 0.9800027 1
3 144 3 0.95630497 1
3 145 1 0.96334404 0
3 145 2 0.9579066 0
3 145 3 0.9536489 0
3 146 1 0.4317282 1
3 146 2 0.39566347 1
3 146 3 0.34529936 1
3 147 1 0.9203192 0
3 147 2 0.9521845 0
3 147 3 0.9053474 0
3 170 1 0.9163273 0
3 170 2 0.88821673 0
3 170 3 0.93632776 0
3 176 1 0.9543419 0
3 176 2 0.93948275 0
3 176 3 0.91126657 0
3 194 1 0.9514616 0
3 194 2 0.95072705 0
3 194 3 0.94397986 0
3 1247 1 0.920186 0
3 1247 2 0.9524081 0
3 1247 3 0.9551873 0
3 1551 1 0.9865335 0
3 1551 2 0.98413664 0
3 1551 3 0.9781298 0
3 2299 1 0.9796851 0
3 2299 2 0.9780369 0
3 2299 3 0.97476506 0
4 13 0 0.9978807 1
4 13 2 0.99081105 1
4 13 3 0.9760179 1
4 13 4 0.90595067 1
4 14 0 0.9994756 1
4 14 2 0.9955201 1
4 14 3 0.9822291 1
4 14 4 0.953071 1
4 15 0 0.86040866 0
4 15 2 0.81278247 0
4 15 3 0.790235 0
4 15 4 0.7101861 0
4 16 0 0.91577935 1
4 16 2 0.84540516 1
4 16 3 0.7024265 1
4 16 4 0.56793326 0
4 17 0 0.99863696 1
4 17 2 0.98711294 1
4 17 3 0.9672662 1
4 17 4 0.8754524 1
4 18 0 0.9939734 1
4 18 2 0.97266924 1
4 18 3 0.9233935 1
4 18 4 0.7461246 1
4 19 0 0.9984068 1
4 19 2 0.9884203 1
4 19 3 0.9683804 1
4 19 4 0.8821187 1
4 20 0 0.9999918 1
4 20 2 0.9999324 1
4 20 3 0.9998156 1
4 20 4 0.99924004 1
4 22 0 0.9977095 1
4 22 2 0.990557 1
4 22 3 0.96887296 1
4 22 4 0.881835 1
4 23 0 0.88218355 0
4 23 2 0.8499737 0
4 23 3 0.8162577 0
4 23 4 0.8091896 0
4 24 0 0.99119496 1
4 24 2 0.95143604 1
4 24 3 0.8742969 1
4 24 4 0.75279075 0
4 25 0 0.9985904 1
4 25 2 0.99165994 1
4 25 3 0.9801952 1
4 25 4 0.9228455 1
4 26 0 0.90431994 0
4 26 2 0.8723094 0
4 26 3 0.82840055 0
4 26 4 0.74800646 0
4 27 0 0.8834157 0
4 27 2 0.8938578 0
4 27 3 0.8381606 0
4 27 4 0.7883903 0
4 28 0 0.8483517 0
4 28 2 0.8509767 0
4 28 3 0.80232674 0
4 28 4 0.7917366 0
4 29 0 0.9870452 1
4 29 2 0.94667876 1
4 29 3 0.8771865 1
4 29 4 0.8086099 0
4 30 0 0.9963461 1
4 30 2 0.9793509 1
4 30 3 0.94671804 1
4 30 4 0.8260375 0
4 31 0 0.9316644 1
4 31 2 0.87936234 0
4 31 3 0.87441164 0
4 31 4 0.8242125 0
4 32 0 0.99838907 1
4 32 2 0.9874546 1
4 32 3 0.9665381 1
4 32 4 0.88102823 1
4 33 0 0.999424 1
4 33 2 0.9960631 1
4 33 3 0.9872916 1
4 33 4 0.9476328 1
4 34 0 0.7558778 0
4 34 2 0.46813893 0
4 34 3 0.5012258 0
4 34 4 0.50425106 0
4 35 0 0.9951758 1
4 35 2 0.97738177 1
4 35 3 0.9428955 1
4 35 4 0.8098014 1
4 36 0 0.94427043 0
4 36 2 0.8772872 0
4 36 3 0.88985306 0
4 36 4 0.84091896 0
4 37 0 0.9123529 0
4 37 2 0.8384203 0
4 37 3 0.82214046 0
4 37 4 0.78793246 0
4 38 0 0.9690875 0
4 38 2 0.962939 0
4 38 3 0.947766 0
4 38 4 0.9300341 0
4 39 0 0.9162667 0
4 39 2 0.87189 0
4 39 3 0.9281193 0
4 39 4 0.79811764 0
4 40 0 0.9655148 0
4 40 2 0.9448851 0
4 40 3 0.9686817 0
4 40 4 0.91213447 0
4 41 0 0.9966208 1
4 41 2 0.9838147 1
4 41 3 0.9553934 1
4 41 4 0.8464678 1
4 42 0 0.9967888 1
4 42 2 0.98324746 1
4 42 3 0.9601365 1
4 42 4 0.89926654 0
4 43 0 0.9628079 0
4 43 2 0.92135024 0
4 43 3 0.8737354 0
4 43 4 0.7810009 0
4 44 0 0.99710405 1
4 44 2 0.9845737 1
4 44 3 0.9649944 1
4 44 4 0.87825745 1
4 45 0 0.9794602 1
4 45 2 0.95482135 1
4 45 3 0.93188846 0
4 45 4 0.88522905 0
4 46 0 0.9445361 0
4 46 2 0.93157285 0
4 46 3 0.91644603 0
4 46 4 0.8967732 0
4 47 0 0.87533927 0
4 47 2 0.8356825 0
4 47 3 0.90984327 0
4 47 4 0.8248739 0
4 48 0 0.99637425 1
4 48 2 0.9936149 1
4 48 3 0.9848459 1
4 48 4 0.94275063 1
4 49 0 0.9408216 0
4 49 2 0.94152486 0
4 49 3 0.9129677 0
4 49 4 0.8801126 0
4 51 0 0.9972107 1
4 51 2 0.9818341 1
4 51 3 0.96620107 1
4 51 4 0.87610894 1
4 52 0 0.92083716 0
4 52 2 0.9447471 0
4 52 3 0.8926819 0
4 52 4 0.85163575 0
4 53 0 0.9854955 0
4 53 2 0.9378411 0
4 53 3 0.9064076 0
4 53 4 0.87701124 0
4 54 0 0.99931735 1
4 54 2 0.9962799 1
4 54 3 0.99025244 1
4 54 4 0.961139 1
4 55 0 0.94973975 0
4 55 2 0.93156874 0
4 55 3 0.91690564 0
4 55 4 0.887459 0
4 56 0 0.99858886 1
4 56 2 0.99128455 1
4 56 3 0.97906286 1
4 56 4 0.9316829 1
4 57 0 0.93375534 0
4 57 2 0.9337244 0
4 57 3 0.9009142 0
4 57 4 0.9113629 0
4 58 0 0.99610454 1
4 58 2 0.99002147 1
4 58 3 0.95397305 1
4 58 4 0.920375 1
4 59 0 0.9648581 0
4 59 2 0.91091585 0
4 59 3 0.836956 0
4 59 4 0.8360536 0
4 60 0 0.9313652 0
4 60 2 0.9292267 0
4 60 3 0.92959344 0
4 60 4 0.8685496 0
4 61 0 0.9906939 0
4 61 2 0.9739889 0
4 61 3 0.9732779 0
4 61 4 0.9482431 0
4 62 0 0.99876153 1
4 62 2 0.9952835 1
4 62 3 0.98427576 1
4 62 4 0.9417825 1
4 63 0 0.93093675 1
4 63 2 0.9344199 0
4 63 3 0.9132928 0
4 63 4 0.86865306 0
4 64 0 0.9956433 1
4 64 2 0.9845847 1
4 64 3 0.9659612 1
4 64 4 0.91417503 0
4 65 0 0.9470455 0
4 65 2 0.95729375 0
4 65 3 0.92952573 0
4 65 4 0.8856089 0
4 66 0 0.9762752 0
4 66 2 0.9151725 0
4 66 3 0.90061975 0
4 66 4 0.8497012 0
4 67 0 0.92758274 0
4 67 2 0.9255853 0
4 67 3 0.8842263 0
4 67 4 0.871837 0
4 68 0 0.98676467 1
4 68 2 0.9581605 1
4 68 3 0.92965394 1
4 68 4 0.8665806 0
4 69 0 0.9958122 1
4 69 2 0.9884604 1
4 69 3 0.973089 1
4 69 4 0.915825 0
4 70 0 0.99904203 1
4 70 2 0.9930542 1
4 70 3 0.98173386 1
4 70 4 0.93266296 1
4 71 0 0.9720627 0
4 71 2 0.9767569 0
4 71 3 0.96447307 0
4 71 4 0.9359511 0
4 72 0 0.9520269 0
4 72 2 0.9420776 0
4 72 3 0.9269651 0
4 72 4 0.8854732 0
4 73 0 0.9171338 0
4 73 2 0.858771 0
4 73 3 0.853271 0
4 73 4 0.81583714 0
4 74 0 0.98203146 0
4 74 2 0.9776359 0
4 74 3 0.97045213 0
4 74 4 0.9569117 0
4 75 0 0.9910844 0
4 75 2 0.9751582 0
4 75 3 0.9565019 0
4 75 4 0.953517 0
4 76 0 0.96494544 0
4 76 2 0.9640993 0
4 76 3 0.94279784 0
4 76 4 0.91893965 0
4 77 0 0.9924839 1
4 77 2 0.98812413 1
4 77 3 0.973987 1
4 77 4 0.9240976 0
4 78 0 0.9146652 0
4 78 2 0.91222316 0
4 78 3 0.95671654 0
4 78 4 0.87594444 0
4 79 0 0.9980095 1
4 79 2 0.9905172 1
4 79 3 0.9806592 1
4 79 4 0.92845464 1
4 80 0 0.95822287 0
4 80 2 0.9490436 0
4 80 3 0.9298646 0
4 80 4 0.8708806 0
4 81 0 0.9318895 0
4 81 2 0.9193719 0
4 81 3 0.8885351 0
4 81 4 0.8010549 0
4 82 0 0.98504597 0
4 82 2 0.9734892 0
4 82 3 0.9599918 0
4 82 4 0.9391084 0
4 83 0 0.9900333 1
4 83 2 0.9829743 1
4 83 3 0.98442686 1
4 83 4 0.94326985 1
4 84 0 0.972551 0
4 84 2 0.89085376 0
4 84 3 0.91889924 0
4 84 4 0.8442171 0
4 85 0 0.97398525 0
4 85 2 0.97383887 0
4 85 3 0.9699561 0
4 85 4 0.9369908 0
4 86 0 0.9927389 1
4 86 2 0.9937384 1
4 86 3 0.9716345 1
4 86 4 0.9131245 0
4 87 0 0.99397457 1
4 87 2 0.9905504 1
4 87 3 0.97424674 1
4 87 4 0.93190354 1
4 88 0 0.95715535 0
4 88 2 0.9439074 0
4 88 3 0.95878947 0
4 88 4 0.9213301 0
4 89 0 0.9663887 0
4 89 2 0.93866855 0
4 89 3 0.91479576 0
4 89 4 0.8657655 0
4 90 0 0.98824894 1
4 90 2 0.9960788 1
4 90 3 0.97651726 1
4 90 4 0.96511763 1
4 91 0 0.85659546 0
4 91 2 0.86548954 0
4 91 3 0.84130937 0
4 91 4 0.8120849 0
4 92 0 0.9840291 0
4 92 2 0.96960837 0
4 92 3 0.9628512 0
4 92 4 0.94416875 0
4 93 0 0.9447849 0
4 93 2 0.9381959 0
4 93 3 0.9275395 0
4 93 4 0.9161064 0
4 94 0 0.948028 0
4 94 2 0.9449811 0
4 94 3 0.9302528 0
4 94 4 0.9376118 0
4 95 0 0.96677035 0
4 95 2 0.9642064 0
4 95 3 0.96055734 0
4 95 4 0.93268603 0
4 96 0 0.9941213 1
4 96 2 0.96478736 1
4 96 3 0.9313989 0
4 96 4 0.8795545 0
4 97 0 0.9978177 1
4 97 2 0.99082595 1
4 97 3 0.9835946 1
4 97 4 0.9508367 0
4 98 0 0.9872573 1
4 98 2 0.96428835 1
4 98 3 0.9566851 0
4 98 4 0.9246118 0
4 99 0 0.9675583 0
4 99 2 0.9607198 0
4 99 3 0.9573775 0
4 99 4 0.9250641 0
4 100 0 0.90772337 0
4 100 2 0.93618286 0
4 100 3 0.903534 0
4 100 4 0.85882473 0
4 101 0 0.99949425 1
4 101 2 0.9972713 1
4 101 3 0.99402815 1
4 101 4 0.9771974 1
4 102 0 0.931081 0
4 102 2 0.9495042 0
4 102 3 0.9400294 0
4 102 4 0.91652966 0
4 103 0 0.9535312 0
4 103 2 0.9276956 0
4 103 3 0.9293968 0
4 103 4 0.9146947 0
4 104 0 0.9996778 1
4 104 2 0.9987512 1
4 104 3 0.9957817 1
4 104 4 0.98256004 1
4 105 0 0.94778293 1
4 105 2 0.9907673 1
4 105 3 0.99305135 1
4 105 4 0.97340566 1
4 106 0 0.90456784 0
4 106 2 0.8571104 0
4 106 3 0.95243 0
4 106 4 0.8757225 0
4 107 0 0.9961361 1
4 107 2 0.9669327 0
4 107 3 0.9574831 0
4 107 4 0.92541933 0
4 108 0 0.9985746 1
4 108 2 0.9913928 1
4 108 3 0.9789174 1
4 108 4 0.9589374 1
4 109 0 0.45882353 0
4 109 2 0.4538164 0
4 109 3 0.4498793 0
4 109 4 0.4298235 0
4 110 0 0.96622705 0
4 110 2 0.9498823 0
4 110 3 0.9443 0
4 110 4 0.9091893 0
4 111 0 0.9750749 1
4 111 2 0.97595936 1
4 111 3 0.9805216 0
4 111 4 0.939213 0
4 112 0 0.9286934 0
4 112 2 0.9015743 0
4 112 3 0.8909956 0
4 112 4 0.8663844 0
4 113 0 0.9275916 0
4 113 2 0.9352098 0
4 113 3 0.9415069 0
4 113 4 0.9213109 0
4 114 0 0.9845734 0
4 114 2 0.9674884 0
4 114 3 0.9466091 0
4 114 4 0.94040424 0
4 115 0 0.97256804 0
4 115 2 0.9739421 0
4 115 3 0.96064514 0
4 115 4 0.93869823 0
4 116 0 0.9926071 0
4 116 2 0.9829682 0
4 116 3 0.9692414 0
4 116 4 0.9317774 0
4 117 0 0.99764985 1
4 117 2 0.985391 1
4 117 3 0.9709485 1
4 117 4 0.90763 1
4 118 0 0.9859793 0
4 118 2 0.9556907 0
4 118 3 0.95325744 0
4 118 4 0.9413679 0
4 119 0 0.9579923 0
4 119 2 0.9445018 0
4 119 3 0.93427414 0
4 119 4 0.90825766 0
4 120 0 0.8840631 0
4 120 2 0.8595307 0
4 120 3 0.8519489 0
4 120 4 0.8379039 0
4 121 0 0.99860466 1
4 121 2 0.99506694 1
4 121 3 0.9891109 1
4 121 4 0.9631335 1
4 122 0 0.96015674 0
4 122 2 0.9556713 0
4 122 3 0.94736 0
4 122 4 0.9289826 0
4 123 0 0.98704463 1
4 123 2 0.95466393 1
4 123 3 0.9214786 1
4 123 4 0.95956236 0
4 124 0 0.92315423 0
4 124 2 0.92570084 0
4 124 3 0.90629375 0
4 124 4 0.8676785 0
4 125 0 0.94253415 0
4 125 2 0.9335502 0
4 125 3 0.92491585 0
4 125 4 0.8692998 0
4 126 0 0.95295066 0
4 126 2 0.94661546 0
4 126 3 0.92850894 0
4 126 4 0.9006437 0
4 127 0 0.9518179 0
4 127 2 0.9400409 0
4 127 3 0.9341512 0
4 127 4 0.9029745 0
4 128 0 0.9951398 1
4 128 2 0.9848953 1
4 128 3 0.96302676 0
4 128 4 0.94502616 0
4 129 0 0.9849681 0
4 129 2 0.9520131 0
4 129 3 0.96854603 0
4 129 4 0.9148048 0
4 130 0 0.9944937 1
4 130 2 0.97973925 1
4 130 3 0.9555105 1
4 130 4 0.87231666 0
4 131 0 0.8833685 0
4 131 2 0.91687876 0
4 131 3 0.9149822 0
4 131 4 0.8610095 0
4 132 0 0.9861872 0
4 132 2 0.99073905 0
4 132 3 0.9782799 0
4 132 4 0.9466166 0
4 133 0 0.9249709 0
4 133 2 0.91254073 0
4 133 3 0.8827982 0
4 133 4 0.72244763 0
4 134 0 0.9812472 0
4 134 2 0.95705265 0
4 134 3 0.9343932 0
4 134 4 0.9047716 0
4 135 0 0.99855804 1
4 135 2 0.9958469 1
4 135 3 0.98957324 1
4 135 4 0.9538476 1
4 136 0 0.99399185 0
4 136 2 0.9787662 0
4 136 3 0.9663638 0
4 136 4 0.9499504 0
4 137 0 0.74377173 1
4 137 2 0.71883273 1
4 137 3 0.69683105 1
4 137 4 0.65865654 1
4 138 0 0.99178725 1
4 138 2 0.9738547 1
4 138 3 0.97078735 0
4 138 4 0.958933 0
4 139 0 0.9977226 1
4 139 2 0.99206483 1
4 139 3 0.9803784 1
4 139 4 0.9360483 0
4 140 0 0.9743297 0
4 140 2 0.9491252 0
4 140 3 0.9438296 0
4 140 4 0.9052214 0
4 141 0 0.98085475 0
4 141 2 0.9728271 0
4 141 3 0.96858495 0
4 141 4 0.9424553 0
4 143 0 0.98664576 0
4 143 2 0.95141023 0
4 143 3 0.9437668 0
4 143 4 0.9371734 0
4 147 0 0.99598926 0
4 147 2 0.98165524 0
4 147 3 0.9829337 0
4 147 4 0.9713875 0
4 148 0 0.9824433 0
4 148 2 0.98944765 0
4 148 3 0.9827787 0
4 148 4 0.97537315 0
4 149 0 0.9897873 0
4 149 2 0.9825969 0
4 149 3 0.9715501 0
4 149 4 0.9543074 0
4 159 0 0.9933976 0
4 159 2 0.9782906 0
4 159 3 0.9694814 0
4 159 4 0.9680608 0
4 178 0 0.9347549 0
4 178 2 0.9482396 0
4 178 3 0.9356355 0
4 178 4 0.93058413 0
4 181 0 0.96800816 0
4 181 2 0.9570351 0
4 181 3 0.9487493 0
4 181 4 0.9456725 0
4 209 0 0.99110955 0
4 209 2 0.98958117 0
4 209 3 0.9868457 0
4 209 4 0.9836564 0
4 229 0 0.99893147 1
4 229 2 0.99768156 1
4 229 3 0.99246216 1
4 229 4 0.987995 0
4 258 0 0.12446806 0
4 258 2 0.13197552 0
4 258 3 0.13898265 0
4 258 4 0.03329706 0
4 339 0 0.9596755 0
4 339 2 0.9668238 0
4 339 3 0.94388616 0
4 339 4 0.93370456 0
4 1185 0 0.89852136 0
4 1185 2 0.91477495 0
4 1185 3 0.8735031 0
4 1185 4 0.866732 0
4 2133 0 0.92145 0
4 2133 2 0.95761454 0
4 2133 3 0.9623792 0
4 2133 4 0.9436265 0
