# 0 - r/Rvir
# 1 - (r/Rvir)^2 * rho/rho_m
0.0011454286955674311 10.809291197492076
0.0012682185556973152 12.6296597360227
0.001404171478538183 15.029286721175753
0.001608378305014979 18.215343931293283
0.0018632463119315635 22.279863453484896
0.0022330289263263795 27.501970829820163
0.002557775410246361 32.133516185708736
0.003171235549221118 40.03000882824312
0.0038006036390670103 46.34511628013129
0.004503629482842572 53.16748573980335
0.005217286877128405 59.887472452402676
0.006395828440971666 68.7033843730161
0.007409328835902494 75.29039274895601
0.009290925294459572 86.37373695705773
0.01126152101493096 97.29075431442439
0.013805404627383479 107.59922546095653
0.016733516781543268 118.9999337694646
0.02074690493486564 130.40917608888117
0.02752982430901294 145.55323716960288
0.03909647406860024 160.97537420842264
0.049025009942603844 170.06553208180816
0.0665419958819169 179.66900430882964
0.09776243050424044 179.66900430882964
0.12826498305280626 178.03156841745155
0.1554698543309039 174.80132956127602
0.18422826638922576 166.9798305137655
0.22841381037775288 155.18683317507322
0.2996804945009896 142.9122913725915
0.3887591193737929 128.04300703499516
0.5043159487171364 108.58886362019089
0.6395828440971666 91.2511966860058
0.7929812147492352 75.29039274895601
0.8681103589348479 68.07724750614648
0.9831708476058529 58.8008626885641
1.1519272748075242 49.41251715524263
1.2610639210617762 45.922744279578914
1.3805404627383464 41.90505370617004
1.485902016198111 38.59056288934062
1.5813106614124404 36.19496085988108
1.6733516781543267 34.260307174270864
1.7908996561412074 32.133516185708736
